1510
150
180
80
90
90
70
80
80
1100
90
190
170
70
90
90
170
70
820
450
410
90
100
380
120
120
630
90
90
70
70
80
90
70
70
630
110
70
70
80
90
70
80
70
1010
130
80
90
80
110
110
110
180
840
240
90
90
100
80
90
100
70
1180
200
110
100
110
100
120
80
90
1120
230
120
140
120
110
110
130
140
820
210
110
100
100
80
110
130
120
890
220
120
90
120
110
130
100
100
980
200
120
150
90
110
110
80
100
1240
240
120
90
120
90
110
100
90
760
210
100
170
110
110
100
90
110
760
140
130
120
130
90
100
120
130
900
150
110
110
120
130
100
110
130
870
90
110
120
80
100
90
100
90
860
190
90
90
110
110
80
100
110
1360
130
120
110
120
90
80
90
80
1250
160
380
360
90
410
130
100
400
1180
120
100
90
90
120
100
120
110
640
350
440
200
350
370
100
90
390
830
410
280
370
380
180
310
100
310
530
350
170
430
110
70
120
160
160
690
240
100
140
220
100
360
100
80
720
200
110
80
100
90
110
100
90
830
370
170
90
90
110
180
120
110
910
260
140
110
110
90
80
100
100
660
230
130
90
100
100
110
120
100
830
240
110
100
110
120
90
90
100
950
200
120
130
110
90
130
110
80
1420
210
110
80
110
90
110
100
100
760
200
90
130
110
110
100
120
140
1460
220
110
100
90
100
90
90
160
1190
210
130
110
100
100
80
90
110
850
260
120
110
120
130
130
130
80
830
200
120
120
100
100
90
90
90
1890
190
130
150
130
110
100
120
90
740
230
230
150
140
140
160
120
120
740
240
210
160
180
150
160
160
160
810
220
120
180
150
140
140
110
140
600
220
200
130
110
100
130
120
110
1350
230
120
90
90
110
70
100
80
1820
260
180
80
140
180
90
180
290
1210
200
130
210
90
180
200
200
80
790
230
140
140
100
120
110
90
80
650
200
110
110
120
100
120
80
100
1090
170
110
110
80
140
100
170
110
780
220
150
100
90
90
100
80
110
1100
150
140
110
90
120
100
100
150
1240
210
390
90
110
90
90
120
100
1230
200
110
80
110
120
80
100
80
2590
260
130
90
100
110
90
80
110
1140
230
130
110
140
100
100
90
370
2350
200
120
130
110
100
130
110
120
2700
210
160
120
170
100
70
100
90
2830
210
120
100
70
90
100
80
80
960
210
150
110
110
120
130
80
100
2100
140
100
110
120
110
80
100
70
1660
700
120
120
80
120
90
110
90
3490
220
400
110
110
100
120
110
110
2550
200
360
120
120
100
140
110
100
1540
190
390
150
100
100
70
70
80
2590
200
130
110
110
90
70
80
80
3000
250
130
80
90
120
110
80
130
1440
480
260
110
100
190
110
130
130
2740
570
110
130
100
140
80
80
100
2100
500
130
80
80
120
100
100
90
1690
150
120
90
70
120
80
70
70
1400
170
130
110
120
100
80
120
80
1090
280
130
110
90
120
90
120
120
560
210
130
130
100
80
150
100
160
1280
190
350
360
370
80
90
100
110
580
380
140
120
120
200
210
360
280
1670
180
180
150
120
130
80
180
160
1060
230
350
370
90
530
300
280
300
860
220
100
90
100
80
130
90
120
990
200
90
120
90
120
120
100
70
1150
230
90
120
120
140
70
130
130
1960
220
130
100
120
80
120
100
80
1760
250
120
130
130
100
130
90
90
1060
380
370
110
80
370
80
70
120
610
470
400
100
120
90
350
90
200
800
470
390
110
90
90
430
320
130
3530
200
110
100
90
90
80
100
110
3050
210
120
100
90
140
110
80
80
2110
230
90
150
120
80
70
90
120
2050
210
130
120
120
110
120
100
80
1100
220
110
100
80
110
90
100
100
860
220
140
90
80
110
100
90
160
670
110
90
90
80
70
70
80
70
1760
110
80
70
90
60
70
100
80
1120
150
70
70
80
80
80
70
70
930
110
90
80
80
80
70
80
70
1730
130
70
70
70
80
70
70
80
1570
100
90
70
70
80
70
70
70
1230
90
70
70
80
70
70
70
70
4820
110
70
80
70
70
70
70
60
2910
100
70
80
70
70
80
70
70
3110
520
80
60
90
80
70
70
80
1800
150
70
70
70
70
70
80
60
980
100
70
80
110
70
70
90
70
980
90
90
70
70
70
70
70
90
940
120
70
60
80
70
70
70
70
1040
100
80
70
170
70
70
70
70
1130
210
80
70
80
80
70
70
80
940
140
80
80
70
70
70
100
70
1370
170
70
70
80
70
80
70
70
1180
100
70
70
70
80
70
70
70
1410
330
80
70
80
90
80
70
90
1280
140
80
80
70
70
100
80
70
1370
120
70
80
70
70
100
70
70
1520
100
70
70
70
80
70
70
70
770
220
80
80
70
160
70
70
100
840
110
90
70
70
100
80
80
100
1020
110
70
90
100
80
70
80
80
1200
100
70
80
70
60
80
70
70
1430
100
70
70
70
70
70
80
80
1180
220
90
60
100
70
70
70
70
890
230
220
90
80
190
80
80
70
1350
190
110
100
70
70
70
70
70
1760
220
70
80
140
70
80
70
70
1480
210
70
90
70
70
70
70
70
1360
390
90
80
70
80
80
70
70
1220
320
80
80
100
70
70
70
70
1130
200
70
70
80
70
70
70
80
1000
70
80
70
70
90
70
70
70
1600
90
70
90
70
70
70
70
180
1580
110
60
70
80
70
70
70
70
1050
110
80
80
70
80
70
80
80
1160
100
90
80
70
80
80
80
80
1250
170
70
320
60
70
80
70
70
1020
100
80
70
70
80
90
70
70
1340
230
70
70
70
70
70
100
70
1430
110
80
70
70
80
80
70
60
940
250
160
150
90
130
110
110
100
1380
190
190
70
180
70
70
90
90
1620
90
70
80
70
70
70
80
70
1570
90
80
70
70
80
70
70
80
1060
110
90
90
100
80
80
80
80
990
100
70
80
80
70
70
70
60
890
110
80
70
330
70
70
70
70
1280
120
70
70
70
70
70
80
70
1400
90
340
80
70
70
70
70
80
1000
90
80
70
70
80
90
70
80
1450
100
80
70
80
70
100
90
90
1740
90
80
80
80
70
70
80
80
2420
130
80
100
70
80
70
70
70
2200
100
80
80
70
170
70
90
70
1630
100
90
70
90
70
80
80
70
1160
120
90
70
70
70
70
70
70
1080
100
70
70
70
80
70
70
70
1940
130
80
70
80
70
70
70
90
1200
100
80
70
80
80
80
70
70
1840
90
80
70
70
90
70
80
80
1390
130
70
80
70
70
70
70
70
2160
110
70
90
70
70
90
100
70
1250
230
100
80
70
70
70
70
70
1150
410
120
80
90
70
70
70
70
970
170
100
80
90
100
70
90
70
1460
200
80
70
90
70
70
70
70
1070
180
90
70
70
80
60
80
70
1190
140
80
70
70
70
70
70
70
960
90
80
70
100
180
70
70
70
1520
140
140
110
130
130
120
100
110
1110
100
70
70
70
70
70
90
330
1420
110
80
90
70
80
90
70
80
1400
140
90
90
70
70
70
90
70
1270
200
60
80
70
70
80
70
60
1140
130
150
70
70
80
80
70
80
1140
130
140
80
80
80
80
70
110
4070
130
70
100
100
70
70
70
90
2890
100
90
80
70
90
70
70
70
2870
100
70
70
70
70
90
80
70
2060
100
70
70
70
70
70
80
70
1460
410
80
90
70
70
90
90
70
1660
130
290
90
80
80
100
70
80
1560
110
70
70
80
70
70
70
70
1340
110
80
80
80
100
90
80
90
2190
250
80
90
70
60
180
90
70
1030
370
70
70
200
70
70
70
70
2570
110
90
70
70
70
70
70
70
1270
110
90
100
70
90
80
70
80
1430
110
80
70
70
100
80
80
90
910
110
70
70
70
70
70
70
70
3270
100
70
80
90
70
80
70
70
2200
100
70
110
70
90
90
70
100
2850
90
70
110
80
70
70
70
70
2240
130
100
70
70
90
70
80
70
2480
130
90
80
80
70
70
90
90
1840
100
70
70
70
80
80
90
70
2510
120
70
80
380
80
70
70
80
1860
90
80
60
70
80
70
70
80
1400
150
70
80
70
90
70
70
60
1100
100
70
100
80
90
70
70
70
1160
120
80
70
70
240
70
70
70
1360
170
90
70
100
70
70
70
80
770
210
80
400
70
60
70
60
70
1000
180
80
70
70
110
120
170
120
1140
110
100
80
70
70
70
90
70
900
90
90
70
80
60
70
80
70
1700
110
70
90
60
70
70
70
70
880
200
190
80
80
70
70
60
90
1190
190
110
70
80
160
70
70
70
2420
180
70
100
70
70
80
70
80
1040
130
140
230
210
230
200
230
90
960
240
100
170
270
240
1260
110
190
1190
370
110
230
120
220
120
160
150
980
220
110
110
100
80
100
100
90
940
200
80
70
90
70
70
220
70
1610
420
150
150
110
130
120
100
110
1080
140
70
70
70
70
70
100
70
1280
190
70
60
90
70
70
90
70
940
120
70
120
90
350
130
80
70
2030
90
70
100
70
70
100
70
70
1700
110
100
70
130
70
90
90
80
1550
110
70
80
160
70
70
80
70
1060
130
90
80
170
70
70
110
80
1160
120
70
70
70
70
70
60
70
1130
210
80
90
70
90
80
70
70
1050
330
80
90
80
70
80
100
70
1490
80
80
150
70
70
70
340
70
1000
90
70
70
70
70
80
70
70
1160
240
80
80
100
70
80
90
80
1210
100
70
70
110
70
380
70
70
1350
100
110
80
70
70
70
70
70
1060
140
70
210
100
160
170
100
110
1120
170
70
70
140
70
70
60
90
1020
130
70
80
70
70
70
60
70
1470
300
130
100
90
120
140
110
100
1610
210
190
210
120
130
120
120
310
1320
250
200
220
90
120
110
130
150
1460
239
300
120
230
220
130
130
130
1169
210
140
130
200
130
130
110
130
1140
230
130
140
160
100
120
120
130
1440
400
340
110
120
120
120
120
110
1240
210
160
120
80
130
120
120
140
1790
170
250
210
150
290
260
450
240
930
170
200
250
110
110
110
120
120
1000
210
110
90
80
140
100
110
130
910
130
130
120
120
140
130
120
120
1180
170
210
130
120
140
110
160
120
1440
230
220
120
120
150
130
90
170
900
170
130
140
110
500
130
160
120
610
160
120
170
120
150
130
130
130
1050
160
100
120
130
120
110
110
100
1050
90
200
130
110
120
100
110
90
1380
140
180
110
80
130
210
110
110
1419
230
110
110
140
120
100
110
120
1590
160
140
120
110
110
130
130
120
1990
150
80
100
70
70
90
70
70
1030
150
170
90
130
100
150
130
130
1010
240
210
230
100
130
200
110
140
1700
220
210
130
210
160
100
110
220
770
240
110
210
180
120
200
190
110
1010
120
150
80
70
70
90
70
200
1660
210
100
80
70
70
70
70
70
900
110
190
170
90
70
70
80
140
890
170
70
80
70
70
70
70
70
1370
150
70
100
70
70
180
70
70
1390
190
70
70
70
80
70
80
70
