14840
2910
2860
2330
2190
2930
1870
1790
2220
10870
2540
2180
2510
2310
2370
1920
1970
2420
11440
3450
2160
2320
2530
2600
2160
1950
7860
2630
1800
1860
1780
1790
2340
1860
1860
9970
2630
7930
2120
2420
2150
2100
1990
2010
15270
5660
5819
5270
4640
3090
2430
2560
2210
8820
4809
2810
2680
2810
2010
2560
2040
2150
14060
4620
2490
2720
2730
2100
2450
2110
2050
13780
3430
11270
6490
8150
6890
6050
7270
6660
11890
7190
5910
4900
4520
1880
2330
2570
2240
11830
5680
2680
2340
2760
2360
2770
2100
2350
13440
4130
2980
3230
2240
3340
2010
2650
1950
12690
4410
2760
2530
2600
2060
1990
2020
2140
12589
4300
2460
2930
2319
1980
2010
2070
2020
163659
36110
41360
33999
32810
39200
33330
32990
34170
21049
2940
2610
2780
2460
2160
2200
2030
2790
21331
2870
3100
2510
2280
2340
1819
2110
2480
10990
2900
2280
2430
2610
2130
2220
3480
2150
12340
3810
2670
2230
2430
2110
2450
1950
2010
9930
2990
2640
2290
2370
2460
2880
3470
3620
16240
3640
2340
2170
2030
2160
2210
2250
2250
13330
3040
2780
2830
2370
2870
2810
2550
2390
36920
9690
10480
7240
7490
6280
5850
6469
6360
30820
8380
7570
7630
6850
8100
6640
6380
6130
13250
5890
3770
3600
3580
4240
3540
3740
3770
12830
4370
2990
3730
2370
2410
2500
2880
2190
30870
9580
7530
9830
6840
6530
7460
6220
6070
14110
4420
2590
2830
2070
2080
2470
2160
2080
15320
10200
6880
7680
8150
6470
6120
6060
6440
13680
4750
2680
4230
2010
2710
2030
2060
2039
14810
4260
2700
3120
2440
2200
2570
2030
2120
14960
6540
5190
3950
4290
2940
2680
3080
3170
14360
9930
8260
7130
6870
6390
6440
6690
8590
18200
4060
3260
2110
2340
2440
2170
2250
2240
12400
4560
2540
2340
2480
2170
2260
2360
2090
14300
4410
3040
2780
2420
2330
2300
2550
2110
12790
5130
2710
3650
2140
2130
2240
2310
2130
14290
4940
7240
10370
6420
7000
6510
5880
5840
94079
34490
33830
33040
32520
44739
47730
44610
50400
115959
48620
46160
39390
46061
43650
39040
36300
35140
17029
4070
3380
3840
3090
2490
2960
2230
2800
17730
5170
3090
2840
2500
2240
2470
2200
2080
35600
11580
7120
6570
7710
6650
6790
6920
6380
21160
4350
2970
2240
2500
2130
2190
2850
2190
17200
4380
3809
2130
2280
3130
2360
1950
2070
15950
6740
4010
4250
3590
3360
2890
2700
2750
10821
5960
4720
3850
3960
4170
2920
2670
2820
15040
4330
3620
2600
2630
2840
2270
1920
2430
22010
8250
3060
2470
2400
2060
1970
2320
2080
13260
8650
9170
7220
7860
7030
6620
6810
6560
15470
5270
2940
3190
2340
2080
2220
2700
2070
12720
4050
3450
2390
2450
2190
2560
2190
2360
28730
6460
4460
5140
4140
3820
3020
2660
3340
18810
4610
2840
2750
3040
2050
2090
2500
2290
29940
6930
4840
8130
4540
4400
4910
4330
4050
25280
8040
4870
5750
5980
4100
4730
3810
4120
58880
13180
10790
12769
11560
14840
8790
8080
8730
18520
5550
3220
3130
4340
4780
3930
3540
4090
25300
8500
5100
4220
4580
4300
3050
2710
3090
57700
14960
18811
11300
7810
9490
7250
7940
7610
27910
21920
11850
13280
10589
9430
7870
7790
7520
30280
6729
5070
5730
4630
4860
3040
3110
3310
43190
6890
6440
5241
5880
4760
3290
3390
2860
32900
8540
6900
4820
5750
3050
3140
3020
3410
28610
6830
7900
6710
9430
7250
6960
6960
7200
19049
4560
2600
2600
2620
2180
2180
2160
2250
36340
6090
5389
4120
3710
4470
2630
2960
3040
22530
5240
4310
4080
4390
4230
2890
3190
2550
16390
4980
3710
3580
3770
3780
3420
3680
4200
19240
5330
4090
3850
4080
2860
2650
2840
2740
15950
4670
3360
2600
3110
2150
2440
2270
1970
11530
8750
5500
5300
4340
4280
5210
4180
4160
21550
7630
5360
5800
4360
3660
4890
3660
3850
17810
5160
3400
4220
4540
3780
4180
4480
3370
14620
5450
3030
3860
2500
3120
2300
2880
2680
20800
12140
11160
7800
7330
9000
6660
7340
6400
13579
4910
2530
2070
2220
1800
3010
2370
3340
19279
4360
4870
2170
2660
2760
2030
2140
3220
15010
3660
2670
3520
2520
2600
2380
2590
1940
15960
4320
8770
12780
7660
6510
7860
6560
5990
20090
4930
2580
3850
2160
2180
2820
2000
2000
14630
4270
4050
2300
3300
2340
2170
2170
3000
18959
5040
3460
2710
3020
2690
3450
2730
3130
12400
4140
2630
3000
2420
4750
2490
2230
2810
33880
5530
3890
4100
3680
3630
3740
3630
4050
21570
5770
5220
3820
3720
4010
3770
3910
2590
56850
13580
9230
13290
10510
12820
6670
7410
14410
18360
4190
2680
3810
2210
2470
2170
1900
2240
11350
4070
2790
3200
2320
2730
2180
2420
2100
13210
4590
3330
2560
2910
2140
2200
2210
2570
18630
2950
2420
2530
2210
2090
2120
2230
1920
20370
2090
2080
2460
2070
1970
2030
2780
1960
46159
2700
2410
3450
2150
2060
2510
1940
2150
12270
2660
2830
2130
2190
2650
1870
2390
1910
19350
3180
2230
1980
2600
2140
1910
2750
1920
20130
3180
2110
2270
3120
2040
1980
1930
2070
18900
2980
2380
2120
2330
1960
2040
2450
2230
37600
6669
4960
4610
4040
3650
4040
4380
3970
24850
6510
9110
4260
3910
4770
3780
4170
3590
25480
13080
10590
10710
10530
10250
9140
12430
9960
15650
2520
2550
2380
1980
2140
2750
2200
2130
12531
3050
2320
2530
2350
2840
2240
2150
2220
20630
2720
2620
2440
2190
2480
2300
2260
2070
15230
2870
2090
2420
2400
2000
2220
2370
2060
12090
2920
7860
6510
5940
2740
1999
2440
2180
31270
8140
6540
6140
6150
6490
5910
5790
6120
28420
8160
6290
6040
8180
5990
5890
6430
6150
13780
2680
2300
2310
1980
2100
2730
2040
2180
11480
2670
1940
2020
2050
2330
1980
2080
1930
11500
2980
2490
2700
2140
2620
2060
2000
2120
13110
8580
6720
8210
6650
6980
6100
5960
8420
17140
2640
2860
4560
5240
5060
5020
5330
4600
12840
2669
2400
2250
2900
2290
2100
2490
2030
25760
6840
6120
6010
7490
6800
6310
6250
6360
27240
8590
6510
7010
6350
6410
5940
7030
5780
26260
7430
8640
6320
5980
5980
6540
5970
6000
11600
2580
2399
2160
2160
2130
1980
2090
1990
13280
6879
6149
5949
5640
7010
6060
6120
7380
14240
3570
2350
2220
2430
1950
2180
1970
2090
12970
4510
2830
2490
2000
2420
1960
1930
2630
13680
4310
3070
2690
3080
2350
2020
2950
2310
16440
3170
3370
2230
2080
1940
2320
2239
3000
16200
3110
2900
2070
1930
1900
2070
2050
2000
33519
9190
10260
8720
8470
12089
8500
7580
9930
16619
5180
3970
4170
3730
3730
3790
3560
3510
17329
4110
2690
2350
2870
2130
2080
2080
2570
12499
3100
2210
2160
2000
2380
2130
2160
2929
15820
3070
2379
2370
2180
2170
2120
1970
2090
35809
2610
2130
3190
2380
2250
2560
2000
2070
12390
5520
5450
2810
2080
2830
2380
2260
2120
15090
7970
6640
6320
6240
8750
6299
5910
6150
14490
3210
3230
2200
2320
1900
2130
1940
2050
17349
2420
2510
2140
2140
2540
2100
2390
2130
14070
3310
2270
2230
3039
2050
2040
2490
2170
15599
3000
3290
2670
2860
2320
2690
1930
1920
187386
47619
55899
51139
46229
46339
37489
39970
36190
12770
3140
2499
2770
2270
2230
2540
3090
2130
13160
2690
2960
2620
2000
2000
2780
2400
2020
13570
3730
2460
1820
2360
1910
1850
1900
2610
11540
13110
7000
8740
8460
5910
5950
6040
10970
13950
2690
2030
2990
2170
1820
2600
2350
2080
14780
3310
2490
2720
2160
2230
2860
2210
2090
13930
2829
2590
2830
2170
2050
2630
2070
2130
13469
3260
2460
2700
2060
2390
2070
2030
2540
37239
9580
6800
6759
6330
6230
6470
6210
5780
16350
3170
2310
2160
2740
2340
2990
2650
2110
37870
7620
6800
6610
7140
6390
6130
8739
5990
21210
3020
2680
2000
2460
2370
2990
2190
2110
18150
2590
2480
3220
2590
2440
2330
2710
2250
35629
7000
7070
6750
6860
6230
7280
6480
5740
11960
2950
2330
2360
2110
2240
2040
2000
2120
14430
2710
2330
2810
2270
2210
2240
2070
2630
42709
7750
6900
6530
6360
8610
6180
6300
6240
29510
10819
7020
6460
6220
6460
6400
6170
8190
35720
9500
7300
6220
6069
6610
6450
6400
6580
14410
3100
2970
2170
2500
2510
2050
2420
2050
14900
7360
6970
6070
6950
5940
6190
6270
6230
10960
3540
2960
2290
2390
2200
2220
2000
2110
13790
3150
2740
2010
2480
2130
2100
2040
1990
15430
2390
8090
6390
6389
8770
5870
5730
10040
13560
3210
2380
2520
2030
2040
2520
2050
2240
11660
3290
2510
3250
2169
2380
2190
2190
2230
13390
2700
3360
2210
2600
2060
2340
2120
2070
14589
3110
2150
2720
2850
2560
2210
2250
2160
164518
47709
40849
38989
41299
39329
40449
41699
39219
13420
4470
3810
14850
3510
3830
3780
3490
3730
14780
2540
2510
2230
2160
1930
3070
2350
2140
17210
3410
3320
2670
2670
2200
2360
1900
2220
13980
4330
4330
3820
3870
7840
3570
3620
3830
13850
10660
8890
9470
9760
9220
11340
8139
8180
31079
10000
8739
8190
12270
8580
8190
8040
7820
33090
6740
4660
5420
4800
4240
5400
5440
4540
29170
19410
14370
12660
11950
13239
13470
11530
16120
32669
5410
5310
4700
4070
3690
5380
4260
3730
21750
4940
4490
3730
3900
3760
3080
3000
2560
28220
7470
6830
6210
6220
6620
6680
6270
5940
15050
20069
10200
12590
10640
7800
7920
8160
8240
17380
3650
2520
2780
2000
1850
2350
2340
2810
11570
8480
7440
6970
11460
8050
6110
6960
6540
18719
3800
3700
3610
3990
4060
5760
3440
3730
11430
3240
2430
2880
1940
1890
2430
2000
1860
17560
3050
2010
2630
2020
3110
1960
1800
1820
15460
12110
11080
9530
9500
10220
3330
3160
2870
11970
3030
2620
2960
2810
9940
7770
7490
7620
10470
3360
3190
2640
2890
2870
2770
2620
2740
24100
3240
2410
2020
1200
1530
2720
1320
3660
28610
8570
6790
7530
6130
6800
5900
6399
5080
13780
2610
3360
2889
1590
1380
1110
1200
1450
20290
3030
7880
9660
7120
5850
6740
5440
5880
30890
10629
7110
6080
7680
5889
5230
5770
5130
51339
6869
7640
6350
7200
5980
5430
5060
6360
15210
2450
2550
1220
2890
1180
1210
1080
1070
19519
2760
1550
3010
3780
2650
2960
2290
1250
12420
2540
3270
2100
2080
2840
2610
2710
2870
13950
21330
22970
12829
9060
8220
7180
6920
9450
15690
4560
4410
3620
4030
2760
2660
2780
2800
16710
12410
9770
12500
7720
7760
8350
7120
7310
11889
4780
4650
4790
2840
3040
2840
2620
2640
11990
2430
2580
2410
4190
2970
4130
2870
2540
14560
3180
3180
3320
3030
2690
2820
3230
2900
16290
3080
2180
3570
2120
1930
1820
2460
2070
19240
2940
3730
2910
2140
2580
2020
2230
2500
18020
10270
3100
2540
2530
1980
2030
2230
7760
41539
9780
7080
2080
2780
2030
1990
2530
2100
22859
8730
9750
8680
7130
7210
5960
5780
5950
121469
37500
37949
37430
36820
35630
38390
36479
34929
129448
40549
39729
47710
49329
36590
7100
2440
44230
130548
42230
43480
39719
35060
37400
35289
34149
34779
11950
4229
4030
3470
3160
3110
3070
3340
3240
14700
3640
2720
4240
2080
2060
2150
2530
2030
14299
59190
70840
40300
36850
37819
35929
35560
35969
13250
5200
4270
3540
3489
3570
3470
3900
3480
15740
2510
2290
3100
1890
1980
1790
2280
2110
25439
10769
11939
8520
8880
8170
8980
8740
8300
11920
4730
4100
3790
4020
3840
3800
3760
3730
26750
10860
9240
8839
9440
9200
8550
8420
8540
14350
4520
3990
4010
3850
3780
3740
4080
4180
24420
10040
9950
4870
4060
3810
3830
4090
3750
12731
5100
4160
3770
3850
3710
3820
3780
3800
15040
10530
8730
8270
10220
8350
8210
8950
8150
27629
9730
8869
9040
8760
8140
9030
8230
8410
11900
4790
4030
4160
3750
3850
3700
3830
3760
13620
4540
3760
4020
3510
3750
2700
2740
2640
25869
10590
9920
9060
9020
7960
8200
8210
8420
14790
4260
4150
3840
3880
3820
3740
3730
3740
17470
4810
3950
4360
3550
3699
2820
2700
2600
13650
5200
3910
5320
5100
5060
4090
3600
3610
13770
5400
3790
3580
4680
3500
3470
3590
3600
14030
4320
3840
3540
3560
3490
2700
2670
2840
13610
2499
2380
2419
34940
34950
35109
37610
47100
92499
33760
32300
37389
35399
34680
34719
40300
35519
118009
42600
36650
35090
44690
39179
38950
39879
42210
122848
43219
41210
44150
46779
46330
46210
44920
39419
93039
33730
35379
32720
35560
35160
35040
36710
38190
117219
41559
36220
36769
43389
38299
39640
39180
39970
17140
4790
3830
4000
3860
3850
4140
3770
3670
94209
41410
37120
32249
37520
40210
35170
34190
34739
116739
60369
42230
34170
37270
40280
37929
37640
36960
16810
4300
3749
5420
3740
3700
4380
3580
3420
18470
5160
3710
3800
3640
3470
3500
3460
3660
124339
51140
45980
47670
51199
51440
49850
52050
37240
122689
41379
40569
36210
40649
48429
40259
38900
44509
90039
33400
33490
31640
35389
33760
34309
33549
36420
107309
37740
34549
47270
38630
37830
39990
38410
38589
113469
41010
39300
37870
39100
38870
38839
39350
39240
15170
4909
3910
3790
3550
4240
3790
3390
3330
13680
4870
3860
4170
3640
3730
3520
3670
3410
18659
4620
4110
3840
3560
3440
3380
3330
3650
14570
3660
2210
1990
2940
1930
1980
2300
2090
19029
3600
2400
2080
2160
1980
1980
2500
2060
34420
5010
4470
4239
3720
3620
3660
3580
3660
12150
41930
43909
35829
35960
47239
39510
39020
39050
134020
43309
37850
43879
36659
39960
40110
40210
40130
118059
228478
44260
37650
39990
41980
42679
38329
38649
14050
4270
4390
3610
4460
3999
3610
2910
2870
14450
4640
4260
3780
4320
4980
4350
3790
4320
15190
4190
4090
3560
4540
3470
3530
3530
3580
15480
11000
9810
9770
10159
9780
9700
9040
9510
15430
5340
4300
4430
3710
3530
3550
3680
3730
36720
11210
12470
8720
7930
8510
8220
8320
8860
18140
4190
4150
3840
3790
3760
3780
3740
3830
