4010
640
380
370
340
340
320
420
360
2890
440
370
370
330
420
330
340
320
2680
450
520
370
380
440
430
390
2440
480
480
410
320
330
370
330
320
2630
480
350
380
420
400
320
400
330
2280
370
600
330
330
400
420
480
340
2500
700
390
420
390
420
450
410
400
3780
750
450
340
380
360
380
690
360
2860
720
370
370
400
390
400
360
400
2560
690
450
380
440
330
420
430
350
3600
700
370
410
380
420
370
420
420
2740
770
370
400
430
440
410
360
400
2770
730
400
390
390
360
350
400
330
2570
690
410
430
380
410
370
430
360
2860
580
510
560
380
470
500
430
430
2800
720
540
480
510
530
540
500
540
3100
470
440
370
380
370
410
360
400
2530
860
400
380
360
370
400
380
390
3280
370
410
390
480
400
390
390
390
2600
420
410
410
370
400
390
360
360
2640
440
370
380
400
400
420
410
410
2660
440
480
490
380
350
380
370
570
2410
770
500
440
440
440
350
420
370
3160
760
400
440
430
400
350
340
520
2950
660
440
450
380
400
410
430
370
2740
700
390
430
400
380
390
400
370
3330
690
410
380
420
450
410
440
360
1800
660
420
430
420
390
440
410
430
2390
700
410
450
490
360
340
430
380
2960
710
430
440
420
420
440
400
440
2800
720
440
450
420
420
430
380
400
2780
830
390
460
410
390
410
380
430
2700
720
350
440
330
420
380
390
390
4260
690
410
360
430
400
380
400
410
4160
700
360
370
500
360
350
420
410
2830
730
380
460
360
440
400
420
410
2379
750
410
390
390
450
380
330
330
3730
800
430
450
420
400
450
400
430
2730
970
570
620
610
470
540
490
430
2480
820
670
570
690
500
520
490
440
2320
750
590
550
630
610
620
610
480
3220
870
400
450
400
410
410
410
410
2810
800
460
459
450
420
460
430
420
3300
730
440
360
370
440
440
430
370
3010
740
590
590
460
440
390
410
410
3419
700
410
460
370
360
400
430
350
2110
760
460
390
420
370
430
430
430
2710
810
470
420
360
420
380
330
350
2830
790
420
390
410
390
370
410
440
2240
450
390
490
390
370
370
490
480
2520
740
410
370
400
400
450
380
370
3320
670
460
480
400
490
400
410
420
9520
1280
550
790
790
760
980
610
610
3970
850
410
370
450
360
400
390
430
8210
1160
640
570
580
570
560
560
540
16690
1540
750
550
970
800
790
550
790
6160
940
810
620
540
580
590
480
660
4440
890
630
490
600
620
600
540
560
5240
910
810
820
830
800
450
500
430
4500
970
620
580
580
460
640
610
620
5880
930
580
870
590
480
510
520
470
7710
940
580
1140
570
800
510
640
440
6040
940
820
850
800
840
630
450
460
5470
1160
810
810
810
630
630
600
640
8790
1080
840
790
550
790
560
580
580
4910
760
490
430
440
480
430
430
470
10240
1090
850
640
540
790
610
440
430
7070
1280
580
510
520
840
450
620
480
4440
910
640
590
600
650
620
620
430
3930
700
460
430
560
370
370
420
380
2680
740
520
400
380
430
390
400
360
2320
940
430
450
380
410
720
370
420
2680
850
450
470
520
540
350
460
420
2980
830
510
440
480
440
490
430
500
3250
760
420
490
370
420
350
410
570
3330
830
430
430
460
630
450
710
440
3050
800
430
460
450
440
480
460
470
2800
790
450
450
430
470
380
430
370
3650
820
470
510
440
460
420
490
420
3170
880
470
460
450
380
480
430
460
2910
870
430
440
460
430
460
430
440
3630
780
510
420
470
430
420
450
490
2740
860
430
430
450
370
480
440
510
2440
900
400
460
440
500
790
420
610
10570
950
580
690
810
820
550
810
900
7100
1040
770
830
770
820
810
820
610
7260
1020
800
860
560
530
540
420
500
4600
890
420
400
430
360
440
390
400
2910
710
410
420
430
430
450
380
460
27050
720
450
420
430
460
440
450
470
2710
410
430
330
400
340
400
350
400
2510
410
400
400
390
400
400
700
390
2580
470
360
410
470
400
340
400
400
2580
440
330
630
340
360
330
340
370
4070
410
540
400
330
410
340
410
360
3270
530
390
400
340
410
400
330
390
4270
460
390
470
410
390
400
400
400
10720
630
880
790
800
810
810
860
820
7650
610
560
560
510
800
770
800
770
5180
1190
810
790
990
810
800
780
1050
4460
570
340
360
550
430
350
440
420
2770
390
350
420
450
340
340
420
350
3110
490
640
430
410
430
420
420
430
2660
500
350
340
350
330
370
530
400
2990
410
350
390
410
390
410
360
420
3410
430
400
340
360
450
380
430
390
3750
420
370
350
400
360
430
380
340
3470
430
410
440
410
330
440
310
400
2390
520
340
330
350
430
330
420
330
3140
400
430
420
370
410
350
420
370
3470
410
440
430
380
430
350
430
340
3320
510
410
440
440
420
430
430
420
2350
430
410
420
400
410
410
420
430
3360
400
390
420
340
420
400
430
340
2890
390
380
350
350
420
440
410
410
2770
380
420
430
370
400
360
540
340
3490
360
420
360
420
360
430
330
410
3520
430
410
420
340
420
430
430
420
2280
620
530
350
450
350
410
350
420
1899
690
420
430
350
380
410
330
410
3410
730
480
440
440
420
330
400
460
3040
760
430
350
430
340
450
420
420
2860
670
440
360
420
420
450
420
420
3650
670
390
410
410
460
430
420
410
3540
710
370
410
380
410
330
680
320
2539
660
420
420
410
440
670
420
430
3350
380
440
410
320
430
330
330
400
3350
500
520
470
440
340
350
330
400
3230
410
420
430
420
410
430
410
410
2920
410
330
370
320
380
350
350
340
3220
410
420
410
420
440
460
430
440
3310
540
430
440
350
420
400
410
340
3780
500
390
420
450
450
410
420
430
3809
560
420
430
340
420
400
430
330
2580
450
440
420
440
450
430
390
330
3110
730
460
420
490
590
440
460
460
3499
430
470
350
420
350
440
370
420
3310
510
490
430
410
410
410
430
420
3220
460
480
430
440
430
410
470
430
3369
580
470
440
460
430
340
350
350
3240
430
460
420
430
420
410
430
420
3210
400
380
430
440
430
470
430
390
3450
420
460
460
330
430
420
420
410
3390
490
420
370
400
340
430
340
400
3720
400
470
430
350
440
350
430
420
4190
430
440
350
430
370
450
430
420
3540
490
420
430
420
420
440
430
440
3260
370
420
430
410
610
610
620
610
3230
390
430
410
620
620
620
630
410
4930
430
390
450
430
330
430
430
420
3010
420
440
420
430
420
430
450
420
2950
570
550
350
550
420
340
440
360
4320
450
450
420
420
430
420
640
440
2890
450
440
440
430
410
430
430
430
3430
480
440
440
420
450
350
370
350
3080
430
470
350
430
350
440
340
450
2620
410
410
370
420
430
370
440
410
2470
620
470
370
450
340
430
320
430
2870
700
440
360
430
360
410
380
400
2450
420
400
370
360
370
370
410
350
2770
710
390
350
350
490
340
440
410
2890
640
400
360
380
440
340
440
340
2580
420
340
370
330
370
330
360
440
3340
530
400
340
450
440
360
360
360
3570
670
550
610
620
530
430
460
590
3340
400
350
420
370
420
370
440
360
2600
400
440
370
340
400
360
360
360
3900
410
390
370
350
350
350
370
430
3110
400
350
380
330
370
360
320
360
3030
390
360
340
350
340
330
340
370
3310
510
430
360
330
350
360
350
390
10270
590
540
550
520
840
510
520
520
7540
610
600
550
790
780
790
790
790
7390
610
550
830
520
790
560
780
510
4380
420
350
340
330
430
420
410
430
4090
460
370
340
620
370
350
340
350
3400
440
390
650
430
370
420
420
340
3030
430
440
420
410
410
410
420
420
2790
470
370
380
350
400
340
370
440
5950
780
420
370
440
340
500
430
450
2550
580
370
490
440
340
430
340
430
3210
500
340
340
399
340
400
350
340
4060
430
440
460
630
370
370
340
430
3030
470
420
420
420
440
430
420
410
3020
510
450
450
420
420
400
410
440
9550
570
570
780
870
500
600
520
520
7040
610
760
720
520
770
470
610
440
7050
820
800
810
770
590
630
590
610
7110
650
560
540
770
560
760
520
760
6150
580
800
770
660
630
640
590
621
7710
600
540
810
520
660
620
440
590
6540
580
820
800
820
620
600
590
600
3970
480
450
459
420
420
430
420
430
2850
470
440
430
450
430
440
440
450
3280
400
380
480
430
450
420
430
430
2890
420
350
340
420
420
430
330
430
4280
430
470
440
450
420
340
460
330
2790
400
440
420
430
340
420
340
420
2190
430
410
420
340
500
470
530
460
2750
470
560
330
550
410
350
430
350
2480
400
370
440
440
430
410
450
400
2540
440
430
430
430
410
430
410
430
2540
430
460
420
340
430
410
440
390
2880
380
440
430
440
510
440
420
460
3560
430
440
440
420
440
440
440
440
3190
590
600
580
480
430
480
460
430
4500
690
600
480
570
540
3990
450
480
3570
750
540
570
430
450
460
520
540
2360
480
540
520
510
520
480
480
590
2680
580
440
320
410
320
410
370
430
2670
780
540
580
420
440
780
410
570
2660
460
340
300
350
600
330
620
360
2420
400
320
400
330
400
310
410
380
2770
360
360
380
530
320
450
340
420
3099
400
191308
420
320
400
360
390
310
3790
530
370
390
440
400
330
410
350
2690
380
330
420
340
400
300
410
390
2619
420
340
340
400
320
320
450
440
3830
420
340
330
330
330
310
330
330
2660
380
360
330
400
620
350
600
630
1950
440
420
450
420
400
330
450
380
2540
390
390
320
410
320
400
310
400
2630
370
420
430
420
420
410
360
390
3900
490
400
400
370
400
380
410
420
3380
440
420
360
400
340
390
340
380
2940
520
460
390
420
410
410
380
410
2910
410
330
500
460
410
670
410
430
2290
520
340
320
460
370
320
420
350
2820
380
360
330
410
320
410
430
420
2790
820
460
490
430
570
530
430
500
2800
590
580
590
650
440
430
450
550
2840
720
450
480
450
410
450
400
450
3270
950
460
480
440
700
420
460
410
3450
580
580
440
450
530
430
420
660
3840
680
530
620
480
610
540
610
500
4229
650
620
550
520
380
450
510
590
3900
590
550
520
430
700
500
500
410
2890
840
750
590
830
840
530
770
690
3410
570
520
770
510
440
410
480
390
3180
760
400
690
640
520
430
400
410
2920
770
460
600
410
520
430
500
700
3360
530
680
500
450
390
590
460
510
3100
750
580
580
400
420
420
400
530
2410
560
550
430
460
460
410
530
490
3140
600
590
570
480
440
430
480
650
3630
550
520
500
440
539
450
430
470
3030
450
790
530
510
430
450
610
420
3160
500
990
440
430
470
400
430
430
3040
570
520
420
440
420
490
540
590
2960
580
730
540
490
490
460
500
479
4270
630
340
420
340
330
350
400
300
2840
1210
730
610
550
490
630
540
490
3240
820
510
510
520
460
520
460
430
3320
619
440
540
470
520
570
440
490
2960
590
530
530
490
510
480
520
390
2840
450
350
420
410
410
350
370
420
3310
420
680
330
400
340
400
330
600
2490
360
430
380
340
420
330
390
340
3459
650
420
340
390
340
600
330
590
2490
390
430
390
400
340
450
340
420
2530
470
370
350
430
310
340
340
330
