1817954
862618
1310246
904047
911558
900288
772867
772499
773378
1285887
859368
881637
855347
1048227
777518
564838
564199
564658
1280176
1087076
856628
865817
856557
864417
850097
565058
364429
354488
354900
354709
354628
354610
354418
354660
354619
1397137
785838
1117516
962468
810337
800437
561768
705088
561438
1292105
1105497
1129496
1102976
1491855
1103836
565438
563058
565058
1367285
1138127
1105586
1115236
1103926
940688
564828
565058
564658
1385286
1132396
1102857
1110457
1104167
913347
564928
565348
565058
1848084
1113368
1141847
1112136
1115396
1263217
564718
563858
563678
1395235
1146966
1111276
1159586
802908
565038
564569
564688
564818
1019437
1112116
1111367
1111627
1107587
1131717
1107827
1113266
382898
1064577
1110387
1124047
1108588
1122377
1110907
643308
383348
382909
1378735
1110907
1291246
1115577
1100577
1106456
564898
565418
564278
829737
1327525
1125976
1128737
1112307
382979
383539
383229
384238
1035417
1118446
1127506
1113697
1106277
1110367
383268
383399
384278
1899074
1112067
1139237
1105787
1114776
565098
564058
565098
564768
1392347
1301625
1140057
1104268
1112458
564488
564939
564928
564248
1390315
774307
772478
776598
798848
772777
774228
792507
773608
1281145
1339727
1105276
1116406
1116546
1110007
564798
565078
564839
361610
1320256
791517
779388
783607
780477
774897
774587
774187
1259456
777698
809918
743177
739598
562578
561639
563278
562108
1268086
775038
858097
775609
773328
814238
772539
775338
791818
1280776
1105816
1137737
1106217
1113747
564698
564909
565398
564699
1373505
1134417
1151516
1135127
747767
564938
565909
564358
565239
1020358
1239455
774067
774808
774158
779278
772207
826967
772998
1279035
775528
785907
783378
775467
773498
777998
779828
772687
1281206
773858
777477
790877
742268
562418
561538
562768
561899
1290286
783307
825387
869388
748907
562519
561468
561869
562378
1280775
811437
796527
807027
792228
562979
562028
562959
562468
1267585
785498
810777
776877
815678
561329
562238
562569
562048
1277466
777849
822917
827837
749237
562318
562218
562978
562379
1280945
1302187
1147787
1110076
1134626
564569
564668
563999
564488
1343585
1113736
1134416
1111256
821937
564449
563498
564989
564598
1644265
786397
774548
773437
775328
775747
776227
790998
773837
1278497
858678
857547
870387
859628
564848
565049
564498
564519
1256176
1103437
1113086
1102536
1106576
1103496
565528
564809
563928
1400326
1104336
1103977
1113207
1102616
564928
564198
564948
563888
1344456
1105696
1103857
1118387
1043936
564518
564389
563668
564168
362420
387219
384799
383499
383159
1019577
1117567
1102996
1123816
1384806
887107
854807
857518
860418
855696
565350
565038
564518
1277606
1166076
1147147
1115857
564938
565109
564838
564849
565108
1355406
1161276
1106577
1140586
1104627
564918
564428
564078
564248
1294616
962658
859358
885856
892906
564308
564118
564159
563858
1251067
787058
794067
817747
561898
562268
562478
562078
562559
1277507
774417
819237
739429
740387
561929
561408
562799
562628
1256396
775907
808707
773889
806828
561868
562388
562508
562739
1276657
1432586
902398
939067
905077
903877
772338
771308
773787
2817832
787678
830968
759147
742977
561878
562168
563418
561528
1285065
806748
797378
824938
561608
562808
562228
562328
562738
2915642
780248
773849
819038
562338
561528
562338
562099
563918
1264277
1014387
795908
828368
563108
562859
562338
562148
562648
1263207
868308
895737
857727
919608
1048816
564278
564768
564518
1294706
864868
856087
914868
855888
860197
810208
564958
565088
1295337
776147
772418
772768
783449
773487
773828
786047
773307
1259207
775968
775367
781738
775077
775459
774848
774017
774379
1291236
779068
776087
777318
778288
776659
833608
775458
776768
1280016
775858
775187
772367
775847
784208
738597
743778
561568
364199
355789
354779
688159
1260866
779647
776258
774827
775047
1255895
898726
859919
858247
856657
855988
564728
564778
564368
1307177
1077867
937858
881606
805937
563839
564768
564218
564358
1280676
1105296
1104887
1104887
1104497
564858
564819
564698
564308
1451925
856088
856917
856127
856638
914506
564518
564709
563918
1244197
1102527
1164617
1105518
1169406
1106076
564858
564018
564649
1435896
1105556
1191146
1104927
1124067
564678
564938
564788
564839
1363425
798117
775828
776817
772397
778928
776648
778288
774418
1283386
915007
857058
856167
904417
773448
564808
565179
564098
877157
861747
1064487
859008
857748
858768
355159
355309
355719
1272575
857838
852287
855347
898978
864847
563658
564979
564788
1251896
782467
772088
771638
776429
774258
773739
787707
813898
1276996
923207
858737
857158
856037
849467
565119
564838
564738
1255405
863608
857587
855567
876828
858157
564388
563919
564428
1274027
1531885
959527
773558
773807
772217
773378
773277
773448
1275706
858167
851107
780378
773597
774578
785648
774487
776098
1263756
779478
775917
776517
775977
778348
773527
778409
556609
1277956
774748
775147
772827
776507
771527
781187
775058
776558
1279817
779298
826558
782639
778037
827997
562978
562939
562838
1250675
861387
855267
1404996
903858
905547
905076
905397
912327
1255846
872737
919738
857227
858537
778178
564588
563939
564698
363728
356950
355698
1046657
1068098
856027
855697
805787
355149
1250777
856077
855298
908067
857457
857307
564688
563998
564518
1275106
856187
855897
929108
857337
776907
564869
564198
564558
1249106
857727
855607
854678
868828
765697
564379
563698
564669
1272366
781727
778238
805957
775887
777118
773019
776118
773528
1294276
862467
860048
855168
855777
893947
800967
565178
564718
1301357
773337
778797
772858
776049
773479
774069
772807
778677
1290427
859608
861687
859937
870107
856277
856247
945437
562108
1291156
865107
858567
855358
856008
877687
824957
564399
563908
1716184
872577
874537
949028
859968
867997
564838
564878
564939
1282106
1068317
867207
867367
869197
911468
865508
563728
564619
1303255
859608
853377
856537
873908
794368
564038
564318
565078
1257696
782998
772327
796558
772347
771767
774437
774937
772697
1280247
780888
772889
786247
771558
774018
777138
1007938
771387
1252156
968058
771657
799619
773038
774338
776228
771858
771489
1278956
877348
918607
855547
855788
858737
564838
750318
563688
1327625
995746
775389
772687
789918
771987
773218
777508
772339
1277136
791757
771338
770767
783977
780198
772338
770607
785518
1290466
783727
784067
977438
773407
773349
771727
781808
771917
1268626
787098
968847
775838
774609
773877
791089
819617
840818
1286655
786018
989217
773147
772408
779537
774778
775257
773798
1286406
775538
772589
775237
780868
774147
772928
785527
773397
365279
355798
354280
354239
354239
354349
354040
354379
354419
1309827
775127
773708
776677
774498
775307
775037
775478
774807
1287626
972177
775697
772929
807927
779889
774358
778358
777518
1282865
773418
773517
770868
776067
773727
773368
778098
783487
1267776
779638
772597
772179
775618
778797
772137
773238
777618
1298777
996977
790417
781938
785077
773118
774917
773517
781998
1292906
775248
774957
776317
792247
774088
778227
793727
779547
1309977
785619
779537
794148
778177
777948
774748
774437
775228
373779
355019
354149
354169
354210
354729
354069
354440
354049
1284046
854697
855027
861888
866187
872637
878187
873928
564948
1278505
1048587
855936
896298
858648
854717
564168
564418
563248
1281086
989787
808289
806367
785707
785477
790358
784768
782847
1280675
773408
773827
772048
779078
773719
772188
831598
776328
1274877
780407
772368
772097
778798
773118
774138
773647
869927
1288657
791198
775359
776097
775669
773927
774998
780038
826607
1258336
774848
783028
783978
772657
772168
778959
772447
772128
1275015
785434
787945
771494
774124
773355
770994
772734
774155
1279685
789604
989961
773626
773365
784665
784625
772595
774924
1292544
801664
985312
784175
794265
776025
771966
774645
771676
1282675
815605
987470
773076
773815
773265
781345
773275
779105
1276586
817525
966511
772546
789665
772386
772685
778625
777654
1285655
773465
787916
775085
774486
780164
771875
772326
778555
1289145
780455
795695
772605
772475
774885
771916
775885
773247
1253967
774796
776745
779117
771885
786065
775937
772986
787476
1271566
776586
772615
792636
772705
772276
801846
771886
773487
1255487
788447
771576
773057
786276
771966
772546
773696
771066
1282656
801495
772117
773166
776626
780825
774167
771225
780946
1277776
778567
780756
967752
772087
773636
772126
773786
774647
1294986
776225
773427
815315
773206
773656
772666
772076
775566
1333727
776056
803966
777347
775836
776096
779546
777046
777867
1302607
783446
776256
776506
777896
781327
774916
775097
775916
1315837
784127
786526
773337
774326
777578
772657
773946
784077
1309178
976563
776766
775057
775106
775087
779697
781387
773627
1294508
982093
774808
773716
777837
775996
772147
774086
774326
1288157
862906
854736
861505
880785
856066
564461
565070
564190
1277348
1057502
897835
859866
861935
856286
564920
564741
564550
1278948
784337
981443
788406
772037
774017
779358
799146
788988
1306039
784657
792737
774847
772377
774387
782727
772307
772677
1116892
794236
972753
773048
773466
777508
771567
780558
772807
1279428
819937
1005273
790107
784237
773207
774898
775197
781566
1290019
786567
978904
13017210
775387
803197
774449
774637
781738
1294590
785777
794168
796987
773688
775487
781447
775517
772887
1299900
785488
793157
777859
771657
775318
777537
773069
774348
1289459
971775
969685
773207
776967
783278
774027
783518
780997
1293249
792698
771697
773379
771937
772919
776919
775407
771789
1327019
993425
786168
780278
783228
784798
782287
787037
786548
1297911
778039
777918
781378
776907
775569
782467
781139
772208
1291641
782998
781159
786317
780348
774458
773298
774438
773788
1309150
832177
780228
818388
779928
784728
775877
776308
774188
1317620
819178
787897
778179
774448
780449
782179
773858
780629
1288711
774369
771988
773309
772579
772678
775059
772788
772249
363514
354325
354296
354134
354525
354055
353935
354095
1258922
1326170
988246
776278
778479
776988
778159
774510
772538
772549
1286001
790499
772819
777839
772059
773159
773558
784559
778189
1271262
791138
777359
781689
978055
771899
774089
773059
801748
1292211
780749
1003616
773979
771789
777499
771699
778189
772830
1308541
794888
793569
782148
801119
779268
788218
772980
775209
1286621
810818
788359
774719
785079
773169
772588
774410
772879
1294923
785060
784799
773030
772539
780389
772440
771968
774610
1265503
816640
772559
778750
771489
773679
774599
772619
778548
1310022
792449
792980
820999
797360
818099
784289
779850
772709
1123835
804598
772329
790089
773179
773429
775849
772459
777379
1281362
774039
774619
781159
773119
785480
749869
562112
562913
1116934
784349
980057
784059
773740
773280
771529
773260
772549
1298912
991166
776099
773569
775919
774300
774449
778069
772969
1278543
772620
772400
773629
773740
776099
774351
773779
773660
1270304
963737
794269
776349
783620
776099
772231
784959
784919
1298542
977448
779630
777919
778550
780830
561983
562963
562902
1159854
855260
10347275
1084256
774509
1047627
948957
781531
923378
1249584
776380
774510
772270
779850
794270
776071
774370
773380
1298204
843489
815119
786930
825359
775790
777950
771900
772740
1275454
789311
978677
773891
777019
775760
803970
783210
829250
1257734
808739
983427
773421
774369
774151
772939
774800
774519
1262543
786109
997778
773760
773501
775220
773880
777210
774080
1278374
1291134
1110107
1102017
1104967
1105395
863150
564323
564573
1363994
782160
777870
771700
792320
772470
772560
779600
773960
1265915
1139986
1113626
1116207
1104926
564193
564663
563933
563852
1302495
778501
773520
774071
772610
780530
779160
774271
779700
1298894
780560
1107877
1110806
1179585
564613
564183
564624
564723
1285675
973708
773651
772380
773692
776081
857840
823789
789871
1269414
777721
772821
774080
774691
775351
782690
780671
772400
1248236
1106697
1104297
1109797
1104346
564553
562084
561783
562143
1277025
774772
785892
772401
775302
778970
775391
780172
832950
361545
354526
354286
354226
354366
354226
354116
354295
354176
362026
384187
382896
383586
382756
383345
384416
382876
382825
1327535
778371
809152
785981
773541
777131
777051
774031
775470
1281126
1103406
1134898
1106628
1111138
1115167
564503
564874
564743
1313765
1104986
1146907
1103818
1110218
564233
564184
564904
563454
1288386
981270
775191
839950
786881
774940
776081
780050
782671
1275936
1148887
1108388
1107887
565134
565043
565123
564393
564965
1354066
1103679
1110867
1105587
1080009
564943
564884
564873
564633
1346725
1104457
1105688
1104488
1115007
565053
564763
564384
564903
1343426
1144178
1103408
1128037
1111168
564854
564194
565024
564323
1382875
1295006
1163498
1118468
774551
564134
563924
564493
563804
1390795
1290575
1133708
1102519
1102868
564673
564424
564674
564663
1365355
1118788
1133607
1128319
1126168
564595
564224
564073
564504
1330816
1109238
802231
1107058
737913
562104
561225
562803
562114
1267667
1087779
855291
797671
734932
561585
562324
561605
562213
1269636
1294227
1129008
1102519
1150457
1108427
1251087
565313
560025
365626
383317
384516
383395
383486
383206
383326
384546
384276
1310456
1110989
1104138
1143238
564425
564044
564834
563734
563214
1284637
1104728
1145049
1104858
885960
564734
563505
564074
564734
1366026
1134998
1103728
1105118
564694
564534
564025
564704
564525
1354746
1143088
1108119
1105839
564184
564844
563414
564474
563955
1323366
1106059
1150637
1107788
870211
564414
564214
564234
563954
362706
383785
383946
383336
383626
383506
383596
354797
355277
1274428
773412
772252
799091
773062
815862
784531
772973
773872
1282697
781453
857572
911940
562874
561474
563024
562164
563174
1266516
1003311
794162
808742
561974
563084
562644
562134
563055
1286807
1115490
1103790
1140048
564804
564565
564555
564684
564505
1285348
1307338
1145449
943430
563326
561914
562734
563234
563295
1268588
773722
773512
966350
774732
773932
772332
787072
772433
1250238
778822
772022
785482
773462
771713
775242
773922
773153
1245987
773312
785272
771962
772434
771912
772703
772842
771583
1273468
787163
974000
789383
798622
771892
771713
773063
771842
1099589
791592
986611
771602
772202
773012
772203
774423
772883
1253718
779343
776772
784254
771562
771712
774062
771752
772562
1295907
779653
776283
778172
772264
772173
775612
777562
773382
1260339
786992
781784
771602
773693
772774
771792
774333
772152
1267418
774672
772594
771443
775533
775652
771562
791563
772422
1285548
778413
778252
777213
779173
778114
787622
774743
773703
1277798
785052
967161
772553
773062
772833
773602
772043
779863
1285708
864871
855732
869412
870452
897352
563644
563136
563404
1291108
784623
980152
773542
771852
773412
773833
772003
773943
1310948
786594
986841
773284
772594
773842
773424
772603
774734
1300409
970492
776713
776953
778262
778802
731833
562715
562766
1285899
1061291
927992
823402
822932
829253
847472
823533
824572
1294678
994681
986832
803942
776963
779523
775174
780243
773594
1291098
967312
776203
775152
774654
783744
730204
562385
562975
374926
355298
354567
354617
354798
355626
354718
355117
868383
364037
354846
354697
354888
355017
354766
354227
354496
354827
1292958
785833
772443
772583
777673
772943
772104
774403
863403
1322318
776712
773764
779063
772784
772923
782602
773724
772423
364356
354776
354927
354568
354407
354667
354548
354226
355016
1273529
774203
774263
772323
774184
773833
772533
773844
773103
1274518
775183
772883
777233
771832
777444
776804
780652
777654
362888
355146
354716
354358
354346
354837
354457
354407
354367
1279559
785953
773953
773693
774433
773444
774564
773943
775283
1269280
773633
772983
778424
806363
772704
794633
773204
773373
1304230
779453
771974
772224
774434
773473
772984
774434
772463
1278800
861764
896503
855922
858883
856272
856543
879192
776313
1306409
794983
815442
778263
776893
791853
779373
775244
786693
363548
355287
354638
354377
354237
354237
354187
354237
354547
1265680
775943
773093
789333
774033
773684
774683
772944
774504
1294210
777163
972751
772684
773013
774123
787404
774653
772344
1248990
797785
773543
771534
801563
772424
772213
775054
773233
1301089
784013
969632
980022
775205
772273
773205
772844
775353
1276400
787734
976991
772783
774164
773563
774204
773963
777804
1270499
775833
773443
784894
773154
772793
774684
774534
773035
1272391
773724
774214
772724
777443
773214
777334
940462
562176
1281830
780975
773253
773934
772474
774034
774373
772114
775443
1292179
979791
798085
774314
868154
823153
773343
773063
774363
1287381
777915
774243
792464
773134
773474
805004
776453
775514
1502947
963911
785714
776963
838704
944273
774484
774265
775214
1284600
809194
858264
776303
983012
777904
561785
563436
563156
1261830
777483
778603
776553
772683
776444
773723
776684
776795
363237
1265939
777214
968382
791383
773824
792943
775264
771793
1266181
791284
781244
783185
781705
784594
782755
784483
776974
1295679
2980757
776944
777965
776333
772294
775243
774043
776974
1281841
774604
797243
776825
771844
773154
773154
772024
773244
1275860
774404
772275
773283
772645
772004
773245
772873
773184
