650
320
230
210
210
190
200
220
210
1320
490
210
240
190
190
190
200
320
530
400
230
240
250
240
220
230
420
230
210
180
210
200
200
180
190
400
230
190
220
230
190
190
180
190
670
390
740
400
480
220
300
200
200
500
330
290
430
440
210
350
330
190
600
330
270
200
240
210
200
190
190
750
340
270
230
240
220
250
240
210
760
690
230
230
230
180
200
210
180
410
350
270
210
220
220
210
210
200
2170
290
220
210
210
200
210
210
200
380
390
220
240
210
210
200
200
220
520
400
220
230
200
240
230
210
200
2120
540
530
540
520
270
280
290
290
650
280
380
300
290
240
270
310
290
560
240
220
180
240
210
190
230
240
480
210
190
190
190
180
230
200
180
1100
260
200
210
250
200
220
190
210
320
410
230
190
190
230
210
230
210
1290
420
220
200
200
210
220
210
190
800
250
230
220
190
210
210
200
220
900
410
430
280
410
220
210
320
530
520
650
460
440
380
320
360
350
360
620
620
490
470
480
490
470
240
210
660
310
490
490
200
210
490
200
200
740
440
520
530
220
460
230
220
220
1440
270
220
210
190
250
210
200
190
550
440
240
230
210
240
210
220
220
330
320
230
190
200
220
200
200
280
610
300
220
210
190
190
220
210
180
420
410
240
200
240
210
190
220
200
1040
600
680
230
220
220
220
210
320
590
460
250
220
230
220
200
230
210
290
610
210
220
210
200
230
210
180
700
320
330
210
210
210
230
190
190
430
350
500
230
210
230
190
190
200
570
330
270
260
240
230
230
230
230
500
1990
330
320
320
540
310
320
370
500
430
310
280
290
280
270
290
330
1240
520
280
380
290
320
270
270
310
380
540
240
240
210
210
220
210
200
1050
410
260
280
220
210
260
240
240
3270
570
480
240
470
220
240
400
200
2320
360
240
210
210
210
220
220
210
640
370
230
250
210
230
200
220
200
580
340
240
250
220
220
230
200
240
540
280
250
220
240
240
210
180
380
300
400
250
240
210
220
210
240
220
890
260
280
240
240
230
240
250
240
340
410
230
230
230
210
280
230
210
590
490
220
200
230
200
180
230
220
910
380
240
900
190
220
200
190
210
670
330
210
190
200
210
180
210
180
700
590
190
220
190
190
220
200
250
330
640
230
180
240
190
230
180
230
440
740
360
250
210
230
210
250
220
730
600
240
210
190
220
200
200
240
780
290
250
200
370
190
240
200
190
1160
340
290
220
220
210
210
220
240
1030
370
240
240
220
240
310
220
230
1440
340
230
210
190
210
190
200
230
890
660
240
230
240
210
190
200
180
390
300
250
210
220
190
210
190
220
800
320
210
200
210
230
220
190
210
820
560
220
200
220
220
220
250
210
840
340
270
210
200
220
190
190
230
570
310
250
380
770
200
200
230
200
870
580
200
170
170
210
190
180
220
1030
400
220
210
230
220
240
210
200
2060
410
250
200
230
200
200
210
210
800
400
390
240
210
200
480
210
290
620
390
430
570
210
740
470
450
440
530
580
230
210
230
200
260
200
240
940
440
220
380
200
250
210
250
250
630
430
400
460
580
320
480
250
360
500
440
250
280
200
280
240
240
240
1000
320
430
210
200
270
210
200
250
720
390
260
220
350
200
190
250
200
560
360
490
320
230
230
270
220
210
1640
380
220
220
210
210
260
200
190
610
390
370
200
450
220
290
200
300
2490
610
210
380
330
220
250
220
240
820
380
300
310
180
350
240
210
250
1150
320
220
210
210
220
190
220
190
750
660
230
200
220
200
200
240
180
2230
360
220
270
240
260
210
190
240
960
360
210
220
200
210
200
200
200
300
340
260
240
210
210
200
240
220
590
360
260
220
270
220
220
240
230
2020
440
190
200
190
190
210
200
190
1070
260
200
230
210
190
220
210
180
1220
230
180
460
190
210
210
190
190
520
240
200
180
190
180
190
230
180
890
240
200
190
190
190
190
190
200
2050
250
220
200
340
190
190
190
190
560
240
200
180
190
190
190
290
190
2110
230
170
190
210
190
190
260
200
1200
420
400
210
190
1720
180
190
180
1230
280
220
220
240
210
210
220
200
740
230
200
190
180
190
190
180
180
1050
230
230
190
210
180
200
210
180
800
240
200
180
190
180
190
210
210
2070
240
180
190
210
180
190
240
210
2000
470
240
210
200
240
200
420
210
2260
290
240
230
210
220
210
200
230
1130
270
230
210
260
220
400
220
220
1260
300
200
220
180
170
190
170
210
860
320
190
200
190
230
200
190
190
1640
230
200
200
190
200
200
200
230
1469
260
240
250
230
220
240
210
220
1780
220
210
210
200
210
210
200
210
1230
230
200
190
240
190
190
180
190
1350
260
240
220
220
260
230
230
220
1150
430
240
240
230
250
220
220
220
630
420
250
240
220
220
200
230
230
1920
379
220
200
190
220
190
190
210
940
240
230
220
210
210
220
220
230
1740
440
400
380
390
180
190
220
200
1310
750
210
230
210
410
190
200
190
560
330
430
210
210
190
190
190
220
530
430
260
210
190
210
210
190
230
1640
580
230
220
190
200
210
190
190
1710
570
250
220
210
260
220
210
230
1570
600
440
400
430
430
430
210
190
1600
590
210
200
190
190
190
230
190
780
340
180
170
170
260
180
170
210
440
250
240
210
190
220
210
190
190
550
250
180
210
190
190
190
190
190
710
220
230
190
170
210
210
200
190
550
290
410
210
200
220
220
210
250
1610
390
370
190
190
400
199
210
200
1140
250
200
180
190
430
190
210
210
670
410
440
400
460
420
430
440
200
2120
230
200
200
420
190
200
190
200
2970
820
310
610
270
320
340
310
310
1970
400
470
430
190
190
390
300
210
1290
230
200
190
190
210
200
190
200
2510
240
220
190
210
170
180
200
200
1990
250
250
240
220
230
230
250
210
770
210
200
200
210
200
190
190
200
1380
220
210
190
180
220
210
190
180
550
220
220
220
180
210
190
190
190
1380
400
380
190
190
190
190
200
190
900
480
230
230
230
210
210
199
210
1300
440
210
190
210
190
220
200
200
750
250
210
220
210
200
210
220
210
710
420
200
200
190
200
190
210
210
2220
230
220
210
200
190
220
200
180
1420
270
240
210
220
250
230
250
260
510
250
220
250
200
210
210
200
190
770
250
180
200
190
180
180
190
190
1450
270
220
210
230
220
230
210
210
950
260
230
250
230
220
230
220
230
1670
270
220
230
210
230
270
220
210
560
480
230
200
190
190
190
180
180
820
250
350
220
220
240
200
200
240
600
400
230
230
210
180
180
210
190
780
330
250
180
230
220
190
180
220
580
220
240
280
210
240
280
220
230
1600
580
210
320
190
180
180
190
190
610
420
220
220
190
190
210
220
210
410
250
190
190
180
180
180
200
190
700
240
200
210
210
190
190
210
180
650
550
550
290
330
310
330
300
280
630
290
200
220
200
230
190
200
190
720
250
220
200
210
220
190
190
190
610
260
970
190
180
190
200
220
190
590
380
320
220
200
210
180
210
210
690
260
240
210
220
230
230
250
210
740
230
230
220
230
260
210
200
220
1670
220
240
200
210
190
190
180
190
1250
270
270
220
220
220
220
210
200
1300
230
220
230
190
210
210
180
190
1200
380
190
190
210
190
200
200
190
830
250
470
460
470
430
410
450
430
720
390
410
450
240
370
300
220
230
840
450
180
200
190
190
190
200
460
980
400
500
220
230
240
220
220
220
900
440
410
220
180
210
390
720
400
750
320
190
230
200
190
180
180
190
1500
250
430
200
190
190
200
200
190
800
270
460
450
400
480
200
400
440
680
410
190
190
230
280
220
210
220
650
240
200
190
210
190
190
180
190
1730
240
230
200
190
210
200
190
190
1020
250
290
240
240
250
230
220
250
730
250
210
220
200
200
190
190
200
840
240
250
250
220
230
270
240
230
1240
250
240
230
240
230
210
210
230
1110
260
260
220
230
240
210
220
210
990
240
200
190
200
180
180
190
190
780
260
220
200
200
190
180
220
180
760
270
240
210
210
220
180
190
190
480
260
250
250
230
240
220
210
220
1000
240
190
190
190
180
210
190
190
710
410
240
299
220
220
290
290
210
690
390
230
230
190
190
190
180
180
510
320
200
190
350
350
390
350
310
1480
370
360
340
330
350
190
340
330
1270
240
190
230
210
190
190
210
190
2290
260
220
210
190
190
180
190
190
2910
380
410
200
190
180
190
230
220
1220
260
230
200
240
200
190
190
190
2040
260
230
250
220
210
210
220
210
640
370
430
280
340
350
340
350
390
1120
460
470
420
400
400
680
400
350
2170
580
620
340
330
360
350
350
350
560
330
320
310
290
360
330
280
380
720
410
460
440
190
200
180
190
180
470
410
410
410
360
350
270
340
350
1800
240
210
180
200
180
210
200
180
730
230
190
220
190
180
210
230
180
1820
480
250
230
210
210
210
210
210
1940
460
230
220
180
210
200
190
180
1690
420
230
220
240
220
220
230
210
2260
220
200
230
200
180
200
210
190
2240
330
240
210
220
210
190
420
200
690
230
190
190
180
180
190
200
189
540
250
240
200
260
240
220
230
230
1040
330
240
250
220
230
200
230
200
1090
460
210
190
190
200
180
180
190
1380
210
210
190
190
200
180
190
190
1560
450
210
220
220
220
250
220
220
1600
440
190
190
190
190
180
190
190
2140
460
230
200
190
180
210
190
180
710
230
250
270
250
230
310
250
280
1720
420
200
220
210
170
180
210
180
440
260
190
190
180
190
180
180
190
800
260
270
240
270
340
280
400
260
860
510
440
340
310
300
310
340
390
430
340
260
270
350
280
270
510
310
2130
300
480
340
310
310
390
300
250
960
470
320
270
260
320
480
280
330
710
320
300
360
280
250
290
270
290
640
310
380
320
270
310
290
270
310
810
330
280
270
390
300
330
380
280
490
400
350
340
370
660
330
390
380
520
270
270
380
320
510
320
290
270
2080
470
250
230
450
270
270
290
280
700
330
310
290
280
300
290
340
300
2870
410
590
290
380
370
520
290
310
1480
380
420
280
280
260
390
310
330
640
610
300
300
310
300
270
300
290
2020
280
500
320
280
290
310
310
290
1820
450
250
240
280
540
250
270
290
490
290
260
290
270
280
270
300
280
780
450
260
270
280
290
280
290
280
2170
530
240
510
250
270
270
270
260
2120
530
260
240
270
310
310
350
300
960
260
240
210
200
190
190
180
220
970
400
590
390
340
370
380
360
390
1630
520
570
420
420
400
490
390
400
2300
460
400
770
330
400
360
460
670
650
280
250
270
280
390
300
320
280
590
250
220
190
200
180
200
190
230
940
470
220
420
440
420
420
200
190
790
270
240
230
220
230
240
210
230
570
490
420
210
190
190
180
190
190
2200
400
240
200
210
210
240
220
200
1390
380
170
200
220
200
190
190
190
