877867
346099
797577
392959
392989
392419
383668
383370
383329
343180
346609
372469
346349
347259
174579
175170
174860
174140
345379
352899
347699
348359
347509
347868
174939
175169
174929
173549
174900
174870
174879
174870
174029
174790
174840
473530
345529
376508
344879
344819
341859
174249
174420
174539
351618
343510
368649
344379
543059
346449
174879
174209
174789
347828
374230
346809
345639
346508
174669
174109
174829
174970
346429
362138
346669
347630
346310
174939
174509
174899
175120
782107
356549
341080
350209
348868
503549
170609
169459
169930
348028
355639
343608
371658
171999
175129
174580
174120
174579
353528
344749
349639
349000
347199
362039
346970
347658
174909
356880
348609
352610
346340
347219
346839
175190
175009
175250
343168
346510
346658
354730
345709
347328
174950
175850
174590
345789
347478
347848
348678
346969
175339
175949
175339
175479
205259
317969
324159
316039
316619
310580
143899
144390
143399
865938
350349
373918
346170
349539
174710
174789
174749
173849
336569
346499
372179
346069
351320
174610
175200
174710
174020
347469
343019
344020
343349
352119
344489
345559
358618
343818
342549
368350
347269
351429
349029
350239
174439
175140
174829
169511
343439
345458
345529
347468
349889
343709
344658
342138
342799
343209
347189
174949
175049
174689
174620
174569
174609
336470
342899
370378
345859
343949
348199
342799
344369
360048
319018
339959
341738
342128
343730
170160
170909
170680
170240
338529
348830
364329
348539
170519
168679
170570
170299
170610
349669
339299
344029
342528
344769
345129
342298
346069
343289
339638
340929
352149
345229
344309
344009
343619
345889
343698
328129
336510
341519
340918
169810
170410
168699
170310
170609
359898
341699
347478
395308
174449
174439
174059
174209
174510
339429
344639
341579
342268
339439
170560
170289
170630
170270
336398
343359
348219
342309
346979
173699
174519
174599
174650
338440
343250
346689
363799
174269
174319
173750
174899
174399
333859
341969
351260
346439
363979
173690
173800
173580
173579
340669
339409
356539
341378
169859
170210
170210
170341
167959
531288
343619
342269
343399
345849
343569
343779
355658
343549
337690
346629
346629
352788
346210
174919
174659
174410
174690
345149
344248
350768
346249
346918
346058
174270
174130
174419
338469
344189
345719
344569
347559
174920
174270
174520
174590
339669
344569
342329
338329
170249
169709
170340
170640
170760
85660
144259
143260
144390
144619
304539
300860
304429
298219
235099
318709
301649
309109
302799
305158
137851
140470
141639
330979
369119
351839
347460
173349
174290
173940
174701
173860
339519
371859
346739
375579
346919
174589
174039
174349
174610
329049
337289
341819
372228
377088
170009
169829
169640
170229
330189
346619
345828
353679
174609
174390
174639
173590
174489
333379
341279
356989
174590
174249
172961
174089
174669
174599
335699
339169
344449
342029
344600
172779
173649
173919
173899
340799
897517
390099
427739
391649
391129
382389
381449
382819
1875224
347239
356599
174429
173889
173829
174479
175150
173929
336998
359708
346120
353339
173789
174760
174730
174120
174800
1980864
337969
337289
342660
168829
169739
170240
170100
170749
342349
346629
345589
355890
174760
175019
174650
173649
174670
350480
350350
348359
347079
391970
515198
174240
174819
174380
328839
342210
344259
374599
344459
348969
173561
173839
173179
349470
341939
342699
342629
343390
344209
343199
347729
343389
283080
338360
340839
338540
341439
343019
342209
342389
343129
330619
340570
343868
342509
342259
344930
342469
345039
346039
296339
333950
337589
332689
337809
331639
167619
168450
167820
161399
170999
172870
506618
341249
342249
343649
342639
343209
330649
340028
344179
344849
343858
344369
174030
174209
173489
305460
439808
335819
353128
168649
166970
169199
168519
168880
324929
327019
336328
336558
338670
166979
168581
168749
168939
327179
341530
342129
342749
344779
344098
173499
173359
172069
309549
342228
376608
346069
398568
346959
173019
173149
173500
327599
339939
394029
344519
363058
173289
173390
173560
172810
330828
347139
339349
341839
336559
342400
339219
344720
339400
332389
373359
345429
346339
346449
174789
174519
174800
174339
328909
342618
501439
344768
344840
346179
173730
173269
173680
343538
343219
344159
344099
363179
351239
173469
173229
174049
334359
348079
341840
341599
342390
341939
342389
356899
374909
333449
343509
344399
344860
344188
173739
174500
173900
173979
336118
344730
345049
346049
345358
347019
174259
174459
174919
348999
825678
565298
379988
381288
380278
379389
381589
381169
334140
341109
343369
341739
340749
342929
340870
343479
341329
328679
345439
345169
344598
341849
345969
341318
345790
172760
335769
342250
345459
341789
346609
342748
346039
345269
347210
330749
335649
334989
343499
340898
341289
169940
169479
170320
338599
343869
346339
889657
393069
393559
392348
392599
391328
340629
357159
346449
346099
345689
173780
174559
174379
173419
164379
173640
174219
535288
366040
346909
346688
174139
174630
331849
344679
339629
352129
341449
341979
168790
170009
170479
330838
343749
346569
360900
346199
174509
174001
174680
174599
337879
345468
344609
346229
349260
174249
174659
174399
173550
351959
341869
346399
363679
346809
348369
343119
347230
343089
362448
344709
348569
345530
346709
346958
174789
174709
174120
323079
340768
347699
341449
345619
343080
343630
341939
345849
339440
343689
344069
345239
356418
345189
345058
425559
174069
300739
335008
339538
335069
338470
336509
169879
169369
162260
741557
344578
362248
365399
347260
358668
174399
174809
174669
344919
347559
348598
349859
351399
356229
349500
174329
174709
342448
344630
345409
346429
350269
174890
174609
174890
174200
337359
350309
343979
340238
343369
343989
344419
344539
343909
337189
348079
343939
346039
343459
345639
347379
343100
343459
308139
343009
343269
343099
343909
344478
343109
343809
343149
343029
359700
359618
346508
346749
346339
174919
175029
174749
343369
347638
344500
344189
345330
343998
343798
343029
343799
334989
343128
343619
343209
344509
343599
343450
343329
343470
339968
343339
344089
344000
343639
343779
343739
345019
343579
317029
339669
342249
341799
341860
343278
343529
350919
359078
332339
340159
334189
341959
342010
342739
342110
341628
342690
331989
333129
335190
336339
335339
335999
336999
334698
335929
163800
174559
173880
173809
174089
174109
173230
174250
174230
364599
343949
345119
343728
343099
343779
344229
342850
344049
338789
345659
343809
343440
345048
343769
345079
344359
343989
336698
342629
343799
342988
343298
344279
343619
344749
346089
334449
344279
339379
340369
341309
343679
344699
344069
345509
340439
535029
340229
340199
351809
340289
341059
340619
339879
337650
340009
340879
342369
338949
341560
344428
340709
346129
369720
349100
349909
348380
348769
349279
345259
344458
346478
179480
173689
174400
174300
174081
174029
174209
174480
174119
341040
346279
346229
345779
346089
350709
350979
354739
174779
339279
532829
341658
346819
344559
341179
170429
170619
168210
352709
349159
347089
345139
340778
343529
341169
340649
343179
342729
342389
343778
343569
345429
345249
343529
345039
343639
329010
338628
339780
339628
339409
339979
339320
339708
339449
342429
341399
341270
341039
343170
339669
340229
339920
346929
336689
338229
344489
339238
340058
339429
339170
340179
339670
342793
347953
343244
343533
343953
344823
343043
343593
345973
341263
344963
339694
339855
340323
338294
342363
339754
337943
345483
353863
343743
354563
343813
344653
343413
345783
343083
342833
343234
545789
342683
345713
344333
345203
345154
343674
342943
341954
529070
342994
343094
343663
343893
342723
343553
342063
343434
344314
343343
343844
350203
343583
343865
345514
353383
343973
344903
344544
344244
345773
343654
343114
343945
322185
336893
336003
343004
337143
336604
338684
338954
336843
333044
340815
342123
351684
342053
342414
341455
341964
342785
338394
341694
343014
343934
343584
344103
344134
345893
343034
342004
341874
343695
343374
347044
343643
343304
343823
344314
340063
342964
346804
343054
343525
345594
343744
344114
343765
339514
344403
344223
344144
343784
345674
344233
344144
344614
387623
342804
338364
346695
347544
344544
348364
346974
348123
365673
348853
343574
344403
344274
341545
341194
340824
343664
371324
352574
345554
344454
344814
347904
344304
344574
347714
359694
347674
345283
344684
345264
346034
344905
345534
345235
353274
341664
343935
344224
343255
345204
343954
343164
344734
344884
347364
344885
347154
348304
347155
173637
175157
174777
184397
501722
296355
299705
309284
303165
139368
136747
140587
362684
343864
358134
344004
343654
344674
346835
355414
344075
362914
344124
345205
343614
344614
346024
342824
343324
344835
350114
343024
340954
344715
343904
344835
344004
344375
344055
360894
338834
551021
341044
339844
340334
340505
342394
334824
353785
344334
532131
345225
344104
351475
343755
345094
346734
356215
343194
345475
340204
344534
346664
348874
344324
344354
353814
344466
345824
343405
343794
347154
343885
344405
344415
348395
530422
531991
343764
345234
345015
344454
354335
346144
350624
340785
338984
339456
339494
340784
339935
339165
339985
386714
349765
351875
351354
349614
354425
350534
352624
352485
335535
342536
343515
345955
343404
342074
343174
339095
340355
345305
343485
350916
348064
343805
344805
343495
345995
345504
361104
348884
348585
352065
351434
350394
346934
346045
344795
378545
352715
342174
345275
339325
345134
340115
341055
345406
353724
344904
343975
344514
344105
344735
346885
344164
344435
166307
173248
173927
173257
173937
173957
173798
174127
342045
355505
544573
343865
343975
344015
340235
342606
340435
340656
353434
342916
339805
344766
339915
340845
339995
340845
338155
327875
336455
339175
342615
343615
339706
342125
340856
344755
349345
343405
343776
344225
343395
344835
344044
343885
345035
384825
347655
345925
346345
365214
346564
353675
340196
342605
353965
349365
344945
343815
349435
344905
344075
346016
343825
359205
343775
344045
345165
344235
344735
344336
344055
346325
329695
351515
338355
344265
339186
337615
342575
340855
337815
363244
346045
340645
344065
344065
345865
350815
347785
343705
367165
341755
343895
342895
343656
344236
346325
344495
344985
351435
345065
343725
350255
344775
351535
361965
174747
174878
352225
344605
343905
344805
343535
344446
343705
344405
343845
207457
299156
308056
307836
305236
307827
307676
304506
307566
339915
341616
342926
332735
343826
342035
343266
342825
342425
352235
344065
356695
345255
346875
348345
343205
343075
347765
349135
539343
347616
347455
345336
350565
174068
174809
174538
394535
411895
396504
386555
342135
394196
363115
344946
392995
333616
335876
338246
336455
335885
340146
334475
339656
337365
333646
340375
337736
340865
342015
341236
342575
337876
337985
324515
339847
540093
339805
343035
342745
340136
342735
347996
321305
327345
532663
333697
335775
332537
332585
334295
330075
318866
341195
340875
342306
341966
344335
340626
341566
342156
326786
344315
344006
344906
349577
346635
173219
173578
174108
321036
338745
338725
339365
360065
339535
339346
341816
342196
331746
333856
348146
340806
338245
168768
168748
168388
168007
342477
347895
343036
343316
344216
345895
347106
343707
344016
361755
338276
344415
344616
348906
168448
170408
169528
170058
332616
533643
343516
342215
341336
344246
355056
350155
342336
335805
344756
343416
342616
344136
344376
343416
343876
343825
329946
345816
346396
352097
347996
173368
174639
174737
174838
337676
335216
336647
335606
338497
339906
344416
344196
345176
166438
173258
173728
173378
173628
166078
168348
168827
168578
169018
173818
174048
174668
174148
174228
174668
174528
174347
350056
344326
346967
344446
345376
347926
342896
344667
341815
327016
340136
373806
340966
350896
341207
170507
169929
171248
338886
346075
355606
345366
354566
174977
175678
175438
174949
330776
343726
337936
351866
341146
340136
341716
342645
342616
318696
340446
343106
345536
169078
170778
171568
171178
171458
297748
341338
341756
341996
169298
170578
171538
171498
170388
332246
346176
347046
347667
344886
175638
175398
175598
175618
338617
354936
347496
365896
344866
173918
173228
174448
175388
369536
346356
362417
360636
174708
174228
173758
173958
173848
344497
327676
353286
335837
340747
168728
169248
169778
164038
335676
346926
344266
350626
344826
173748
174068
173808
173768
333596
335907
339386
336487
168758
168648
167948
169578
169178
334048
338316
379116
343516
173728
173068
174008
173818
174018
338436
345297
346446
347167
366286
346756
488345
174028
174069
166288
174269
174068
173968
174168
174498
174788
174198
174278
338097
346487
346236
355556
174389
174738
175179
174188
174658
353376
345837
370016
348486
174478
174198
174678
174378
174078
334807
368356
345696
345956
174298
174628
174588
174229
168739
313897
359396
342887
346817
173808
174668
174638
173788
174519
330417
341547
366306
344116
169368
169668
170648
170859
170978
57419
139808
139429
139788
140688
141538
138778
140059
141810
222708
305077
306037
312766
296347
309477
338426
343037
301987
222768
310047
330977
415116
141658
138858
141589
142829
141859
336656
368037
344557
347147
173228
173648
173948
172928
173809
346866
353277
346538
349287
174418
174709
174319
173888
174558
347858
290177
290528
442905
140199
138529
140849
141498
140989
334737
341666
341997
536884
342177
342267
342666
341636
343057
333057
342896
343427
345156
344497
343737
346417
344076
343817
321237
334277
333687
337406
336288
337456
336906
336766
337467
334687
341948
342087
344097
338487
342137
341847
341837
341986
320076
335627
539076
336867
336406
336906
337327
337347
337257
337867
341057
342126
342817
341836
342186
342836
341246
341257
345767
335857
335458
341366
341677
342247
342326
342227
342076
344967
340776
341777
341966
342007
341757
341736
343017
342207
332617
335097
336397
337287
337336
337586
337246
337136
337897
338137
340527
341967
341208
343057
343468
338956
338757
339477
344556
342877
529105
342458
342337
342626
342176
342037
342757
346847
347726
345187
345047
345287
383127
173808
173839
174298
336757
336567
534156
337607
336786
338316
338027
338057
338237
372886
344317
545955
341967
342728
342686
342338
342207
342907
358628
532015
346248
346517
342976
345907
173528
174008
174049
348197
531555
415537
391206
390896
358098
388556
392527
392786
353517
345567
534046
361517
345526
348737
345257
343527
343927
358587
344588
346157
346216
345007
345568
173839
174079
173798
178138
173949
173999
173939
141630
142288
141379
139169
307817
88309
142428
143958
139100
141329
141948
141439
136008
140819
255988
304137
309427
311207
303847
307068
307078
306947
307857
278048
305077
305467
304677
300098
299927
300577
301867
307138
87759
142208
141069
143649
140699
141269
141220
139478
138498
250128
305447
310537
309227
303968
307957
306837
307318
306717
329427
341916
341837
344497
341396
346937
346236
348636
347296
84979
135318
139368
143959
138688
136279
141099
142059
141529
245008
47210
304817
312497
309247
305697
308197
309087
309767
329677
341137
342237
343778
342977
342567
345517
342838
342707
353867
340767
341867
341977
343887
343197
342887
343977
342317
252138
298987
331768
301457
301148
297997
300287
297407
139579
251838
309878
310487
315377
308998
306578
310308
308857
305087
89639
143288
142690
144499
140799
142409
141719
142659
139839
253888
308557
311768
304277
307857
308618
306637
308078
308228
256018
305887
501785
308337
307817
307347
312779
307517
307108
332157
338429
342017
341488
368597
341997
342687
343567
343517
355837
341417
342058
341907
344587
342287
342737
342337
342687
329298
344307
341737
341817
342657
342777
342698
343697
342538
332867
343007
343547
354687
342778
344307
344567
344537
343997
327039
341867
343277
343998
345467
344387
345128
497956
174120
315718
342657
342817
342088
342057
342557
342477
342738
344427
350337
305537
299309
311998
314328
308968
307297
307597
308057
231208
303769
309377
305359
309988
306467
307777
306607
307027
262118
303537
305027
308407
319067
316378
303748
308549
307668
348748
344187
346508
345237
344447
345468
172718
174009
174269
343677
344687
344407
345457
341997
345087
341877
345337
345288
164178
339227
341757
342357
343007
343538
345647
345757
342477
349517
346237
342527
343578
340108
346277
340288
344837
338337
351467
337827
338318
344797
346357
343147
343537
342447
346797
321737
335217
336187
338279
337857
338447
338428
337847
336797
333767
341508
342048
342137
342657
342097
342337
342337
342077
