919077
512499
509019
508098
515739
504319
386739
386619
387179
926527
509199
506218
505708
698068
599869
387138
386659
387388
919327
729427
505609
514438
505788
512889
672228
387199
178150
177509
177420
177319
177369
177340
177389
177430
177339
909977
436859
732468
614799
462368
455748
384839
528018
384299
921257
755437
753608
752507
943266
753567
387299
385499
387339
1006797
757818
755197
765977
753678
763299
387269
387349
386878
1019237
764358
752868
759467
754397
735638
387269
387379
387248
1047467
752099
788737
754697
757618
752058
387299
386399
386338
1031177
782547
760968
782318
625619
387439
386929
387228
387349
649179
760417
758288
759577
756908
766568
757377
762778
204919
688367
756388
767747
758258
772188
759978
465378
205039
205009
1018487
758627
941088
757597
751548
756408
387298
386848
386908
467509
974447
774938
776299
762329
204900
204880
205090
206069
660759
763107
760817
762439
755818
759757
205159
205179
205859
1007737
757628
761679
755947
761857
387328
386159
387399
387169
1029917
951456
764008
755019
758158
386858
387230
387418
387018
1027986
427128
425498
430159
443459
425498
425739
429729
426960
920516
966807
754607
762037
764237
756968
387219
387318
387320
177999
972837
442399
430609
433119
427088
427578
425769
427459
895307
429869
459699
565388
561829
384999
384069
385719
384539
914186
428059
483789
426010
426089
462239
426240
427759
428200
920698
754577
784309
755759
761297
387418
387280
387409
386889
999946
775447
778587
777648
569478
387369
387869
386829
387459
653179
892746
425238
427620
424729
428919
425129
476388
425279
922447
429019
429778
433419
428088
426399
430889
430359
426139
917307
426268
427328
439129
564888
384458
384559
385458
384530
912128
435998
474539
470500
571668
385270
384209
384790
385068
922426
455228
447288
456309
443839
385249
384959
385499
385058
913387
436119
459108
429608
465959
384160
384959
385220
384539
919856
429119
472748
460128
571808
385099
385118
385349
385200
927506
952228
790597
758947
765597
387249
387478
386639
387009
984056
762877
768497
761948
644548
387099
386148
387238
387199
1088467
437348
428249
427248
426389
429018
429608
432370
427268
922767
505969
507678
514559
510128
387099
387470
387008
387039
892347
753469
758448
752727
756548
754328
388198
387389
386719
1045428
753717
754518
764248
752217
387098
387028
387508
386548
984307
754867
753458
768828
866477
387069
386759
386398
386818
178711
205280
206579
204979
204950
669149
767967
753027
774277
1030028
518288
505808
508009
510398
505958
387509
387328
386809
925228
791397
790938
763447
387429
387259
386908
386928
387518
993957
782617
755908
761347
754488
387369
387159
386789
386838
924757
612349
509579
506229
507348
386909
386709
386829
386509
891328
434529
444169
461148
383809
384908
384879
384628
385020
920388
427458
457479
561699
563098
385008
384149
385350
385259
899898
428698
459468
426760
457958
385019
385139
385149
385460
921697
527809
506769
506728
508708
507888
386249
386479
387378
923228
434849
469919
581368
565778
384409
384729
385668
384329
922147
437380
447378
468399
384709
385288
384848
385158
385088
917288
432769
426580
468318
384929
384039
384768
384349
385739
902358
661128
446349
468598
385268
385060
384648
385069
385228
894867
512548
543138
507498
524448
530618
386818
387019
387058
924117
514278
506448
533349
506209
506318
632357
387579
387639
921277
428188
426129
426719
436229
426558
427859
435128
426648
934927
428728
428738
434148
428218
427180
426819
426428
426290
915617
428068
426209
428209
428669
426539
485319
425779
425499
915367
426838
425518
425939
425658
436829
561288
566438
384058
178150
177540
177669
177601
914377
431658
427749
427828
426848
891826
548858
509480
508048
506899
506219
386878
387059
387099
936697
621089
582198
516258
628598
386589
387379
386819
386918
917437
754837
755489
753829
754318
387629
387428
387309
387039
1082766
506349
508548
506178
506349
564438
387139
387290
387769
882988
751619
780119
752978
763818
753207
387659
386759
387569
1066947
755417
789027
754458
754119
387429
387498
387338
387679
991397
442498
427399
427198
425558
428138
429579
425758
426898
924778
535288
508059
506488
554588
595589
387349
387409
386699
498088
511039
556429
509140
508358
506969
177919
178370
178239
896767
507289
502858
506198
530039
508218
386549
387610
387419
894147
427768
425578
425609
429429
427559
427040
426258
434069
917947
573098
509438
507698
506859
672178
387279
387348
387359
897507
512778
508278
506208
527660
508238
387009
386460
386849
909818
695907
387779
387450
387489
386969
387429
386828
387249
915436
507998
501148
431439
427388
426629
438978
426338
429949
913177
427089
426468
426929
428758
427759
427069
427149
379459
921707
425668
425838
426158
426708
424859
432208
426069
425688
923248
430019
479229
430080
428679
476228
385148
384880
385018
894087
511148
505618
512439
507819
509388
508868
509638
516829
891148
509908
567449
508178
509468
600778
387289
386690
387369
178819
178210
177989
506999
698628
505718
505949
628188
177829
897278
505618
505809
542278
507548
508128
387168
386679
387299
917868
506008
505978
563568
508178
599478
387198
386798
387239
891297
506439
505698
505419
515268
588088
386760
386409
387209
895608
432878
427339
438658
425158
425379
425370
425408
426359
915368
511868
507759
505758
505938
541299
622228
387289
386798
929148
425569
426298
426309
425640
425639
425879
426108
427578
918517
508239
511278
509748
508889
505918
506299
514828
384579
921967
514909
508689
505719
506108
527488
647588
386920
386378
948657
522349
508849
579079
509748
506179
387509
387479
387350
921527
715418
515039
513548
514758
551759
513088
386259
387030
919097
509088
503788
506818
519949
616548
386469
386438
387448
896307
428779
425218
453170
426098
425088
427218
427538
426208
917348
429939
426190
437048
425339
425759
427039
661048
425318
892938
621499
425368
452130
426239
427110
429979
425449
425530
919627
514198
555539
506019
506239
509128
387459
572249
386409
958216
644148
427849
425858
441398
425169
426910
431059
425980
915127
444569
424909
424618
435598
433879
426248
424758
439328
925538
436618
436938
630598
426758
426960
425288
433579
425448
896347
439790
620518
428369
427629
425879
442450
463128
476690
917706
438219
644888
426078
425718
429438
427858
428399
426498
919417
427339
425699
427118
433679
426798
425709
437329
426178
178829
177769
177240
177430
177370
177410
177450
177229
177399
927897
427408
425619
429729
428279
428098
427958
429758
427938
923317
622978
428338
426369
460019
432960
426299
431039
430729
925267
427059
427028
424870
429729
426868
426899
430139
434658
915207
431459
424688
424630
427589
431678
424759
425879
429229
920268
452878
442928
434959
426468
425589
427288
426408
435299
921016
426249
427108
427268
444388
425888
427009
445888
426638
920377
432939
426648
442728
426758
425999
426049
427389
425890
178389
177720
177209
177249
177469
177630
177280
177200
177410
925316
504478
505598
512719
517318
518608
524518
516499
387359
919897
506368
506798
540509
506759
505838
386949
387119
385988
904767
637138
457650
455938
438979
436188
443429
438089
434368
920006
427590
426969
425549
430039
425500
425889
483399
429969
914627
434059
425758
425739
431269
425499
427808
426959
523458
914108
440279
426869
427388
425499
427078
428089
432378
473168
890967
428279
429159
437660
425929
426059
432619
425448
425808
914012
434062
441592
425161
427331
425762
425271
426461
425502
919252
436992
643408
427112
426782
438661
435482
425991
428871
927621
442951
638199
426602
447082
428822
425703
426252
425813
922773
466191
438001
427153
425462
425532
433502
425581
432131
914643
470011
433351
426112
442771
425693
426182
432292
431041
921822
425451
439472
428872
427802
427401
425232
425542
429321
913582
431912
447152
425321
425621
426522
425462
430041
426622
891543
427083
429752
426683
425582
436572
428023
425752
439993
915573
428961
425632
435892
426012
425222
455771
425402
426612
894495
441193
425172
426083
439142
425033
425402
425003
424762
923023
455731
425512
426982
427022
434022
428153
424672
433023
916503
431693
430743
621558
425682
425242
425632
427112
428022
914303
428442
426414
467271
426352
425062
425183
425262
428212
929034
426992
459512
427202
425652
428052
428172
427182
427014
916914
425823
425122
425083
426692
430292
426663
427643
425332
923853
427243
436872
425733
426592
426884
425544
426742
433703
926195
625619
428303
427563
426992
425553
432002
432763
425552
921345
635919
427673
426362
430673
427832
425253
427462
426822
921544
511752
505841
510991
528691
505871
387424
387333
386903
898545
506361
544651
507842
505572
505742
387173
387144
386903
896645
436313
619680
440782
425323
426503
429083
439882
442063
923745
437013
443812
427913
425093
425673
436443
425883
425132
745908
446692
628559
425823
426482
430083
425053
433543
425432
900575
467053
446442
439553
435153
426223
427793
426083
435132
917284
438803
444013
12668295
428393
449212
427424
426503
432244
918115
438543
445533
453373
426044
425873
428963
428293
425803
926876
437433
443993
430874
425113
425404
430342
425904
427133
921425
437113
434094
426103
429013
435273
426813
426543
431643
899766
441363
425133
426434
425463
425175
429864
429333
425314
917015
639520
431253
426154
430154
427403
427993
431043
431243
918476
427053
426893
428083
425653
426415
432443
432575
425133
918736
435573
426863
435523
433413
426393
425943
425353
425284
922246
479983
428433
462403
425014
430914
425703
426633
426483
895466
458663
437933
425424
427523
428435
434044
425563
428733
918347
425725
424933
425695
425664
425003
425424
425904
425014
177977
177447
177239
177447
177508
177208
177307
177198
913627
920246
435073
424763
427274
425883
428594
425004
424883
424913
898017
435954
425244
425853
425184
425144
426423
436824
431114
900727
444343
430144
432114
627671
424813
424824
425133
449773
923426
433204
656100
426954
425204
429544
424905
431294
425045
903216
439103
439844
429053
428245
426024
427693
425774
425654
917376
456663
439654
427934
432524
425474
425613
425794
426254
917128
436695
437204
425235
425074
432874
425334
425243
425605
916378
461925
425374
427365
425254
426584
425434
425314
430043
927388
441704
449275
473674
450635
469454
430364
429315
426094
740440
458313
425214
443294
426714
426103
426724
425034
429544
912357
425464
426924
428064
425164
431265
384984
384615
385265
745120
435774
633322
435914
426595
425464
424994
425965
425934
921197
642941
425954
425734
428304
426174
425444
431004
425204
920128
425744
425044
425334
425764
429514
426675
426734
426625
898549
616372
434324
428204
433965
425124
425316
438914
434384
926287
433885
427244
427144
429944
427455
384935
385574
385454
746369
438055
9945711
693201
427904
644941
581652
432365
525923
897258
429064
426624
425725
433565
444254
429616
425915
427175
928289
492244
467844
437215
470434
425284
426535
425364
426215
901839
441784
433074
427816
428354
427675
457664
434265
475914
895579
461004
435434
426214
425564
427285
425804
427905
427264
899448
438564
650753
425624
426685
426125
427014
430344
427424
922198
940979
761001
752781
750880
754310
686161
387055
387215
1008358
434825
431395
425235
424875
425445
425684
430634
424974
913339
785101
754190
761621
755291
386805
387175
386675
386955
937208
425966
427274
427285
425714
432115
429034
427534
431924
920459
432824
755072
758540
818559
387375
387015
387466
387375
925300
434795
425525
425875
427676
427165
495954
468954
442885
917849
428455
426345
427794
427775
428485
436164
434205
426025
893450
756971
755031
754460
753671
387475
384815
384626
384885
917759
426636
437175
426255
426205
427904
426995
432006
483954
177997
177248
177248
177208
177208
177388
177268
177268
177258
177958
206149
204938
205568
205018
205567
206318
205068
205038
938829
429895
458905
438455
425815
426895
430555
427264
429215
915240
753740
753182
757062
753282
766050
387306
387646
387625
950469
755141
786861
754423
753012
387016
386506
387416
386175
927130
633494
428465
477564
437555
428074
426525
431125
433115
916480
796852
757042
755191
387396
387446
387405
386555
387436
994319
754512
760601
756141
902691
387405
387006
387565
387015
989229
754891
755002
754531
765831
387355
387305
386856
387345
978680
785652
753612
758412
761832
387596
387326
387576
386995
995909
945220
797061
755012
597033
386326
386866
387125
386386
1027488
940809
756752
753023
752321
386945
387286
387266
390455
1008939
766522
784311
773473
776632
387247
386786
386895
387246
974160
759911
452275
757262
560665
384986
384227
385285
385006
917480
743683
470775
448315
557674
384887
384796
384587
384885
915510
945570
779292
752262
779221
757741
757632
387365
382526
179408
204918
206248
205357
205338
205188
205108
206258
206348
951419
760692
755072
783372
387186
386696
387165
386346
385826
905491
755141
770583
752732
708662
387286
386127
386796
387466
1006869
755362
753872
755922
387256
387246
386737
387515
387326
994020
773082
757372
756242
386836
387276
386086
387476
386616
962070
754912
773841
754202
693003
386816
386876
386865
386296
178948
205387
205398
205028
205088
205328
205408
177219
177628
915692
426396
425316
437545
426146
468615
433075
426536
426635
922451
427476
481845
455965
385276
384186
385216
384156
385496
914010
630015
444605
457185
384686
385366
384716
385006
384946
920901
757383
753552
785691
387616
387206
387426
387486
387237
918441
956361
782981
459085
385387
384646
384786
385326
385307
915061
426016
426625
425376
428446
427245
425586
440616
425286
897011
432596
425725
436546
426465
425346
426445
426836
426596
893781
427306
438966
425306
426436
425406
426027
426706
425116
919792
439535
436205
440756
455545
425235
425406
426816
425566
745583
444045
437595
425216
425546
426216
425686
427926
426446
895001
433056
430056
436697
425176
425096
426916
425726
426475
919801
432876
430205
431306
425737
425516
428876
430265
426836
896961
440346
435247
425276
427256
426727
425666
426946
425556
915431
428205
426787
425266
427247
428766
425456
444577
425445
915742
427056
426676
426175
426636
425806
439026
426976
425166
916222
436455
433346
425275
426305
425767
427076
425346
432686
920231
511935
506085
519655
520975
509785
386466
385937
385816
921862
436286
435386
426175
425356
426446
426896
425016
426566
917082
437037
436056
426857
425286
426736
426396
426066
427447
917881
432587
425715
425406
431056
428536
554795
385367
385457
919372
523756
507895
425896
426126
465295
453676
426646
427356
922261
642604
448386
438235
425947
426676
425877
432436
425447
914201
617634
425586
424796
425427
434106
553005
384966
385657
178118
177470
177328
177429
177438
177358
177280
177398
512606
177959
177348
177229
177259
177209
177268
177209
177278
177239
914371
437786
425456
425316
428246
425886
425246
426537
512426
914562
426927
425847
429296
424927
425436
434875
426047
425076
177979
177578
177439
177359
177238
177258
177248
177228
177208
900492
425967
426546
425207
425907
426617
425106
426346
425496
921642
427117
425876
427756
425666
425847
425568
427346
425678
177750
177288
177238
177240
177238
177218
177238
177158
177269
912642
676964
425556
425886
426566
425677
427318
425606
427246
917933
427186
426007
427826
458706
425377
443896
425896
426466
925633
432086
425637
425437
425737
425876
425797
426197
425666
897793
510407
517855
505785
505726
505875
505556
528775
598374
924472
442616
462906
425756
426296
435946
427586
426577
436157
177850
177239
177238
177258
177249
177238
177219
177229
177258
900533
428306
425796
436916
426666
425976
427246
425466
426787
918953
429226
430456
425417
425216
427026
434916
426866
424926
895163
453287
426746
425396
428566
424988
424926
427287
425526
927002
436896
622464
632995
426088
425426
426128
425817
428466
923123
437717
629714
426306
427157
426456
427236
426106
430796
916433
427836
426816
427177
426606
425746
427277
426777
425978
919653
426987
427407
425746
428946
425937
429326
439026
385097
924472
432268
425306
426877
426087
427267
427606
425146
426766
924852
630564
453377
425397
516846
465986
425376
425416
426246
916273
429257
425726
442066
425447
426057
455907
428676
427387
1115450
430597
435377
429466
478637
584835
427027
426377
427517
917422
459627
506476
426446
633155
427417
384477
385487
385237
899263
427336
429216
426626
425686
425717
426856
426927
426337
177959
921422
430367
621635
442926
425986
442876
425377
424876
897004
433307
428047
429057
430788
427817
432127
429926
428417
923863
2636280
433416
428108
425616
425017
427306
427326
425597
917324
427237
447846
429136
425377
425577
425636
425227
426897
918643
427666
425467
426686
425478
425557
426528
426186
426687
